32333	1
18430	1
15792	1
17695	1
52329	1
29553	1
29059	1
7425	1
22203	1
28195	1
47860	1
9425	1
4590	1
26390	1
12436	1
3703	1
15933	1
51620	1
11043	1
25601	1
226	1
32698	1
47980	1
2359	1
37107	1
23018	1
29528	1
4915	1
47247	1
14032	1
3674	1
4750	1
22375	1
37206	1
35811	1
12942	1
29400	1
4992	1
20958	1
22999	1
52418	1
7409	1
16070	1
31942	1
19442	1
39642	1
40195	1
13400	1
37912	1
61957	1
34910	1
2512	1
11491	1
7807	1
28943	1
48243	1
23350	1
9948	1
37032	1
20393	1
27306	1
17214	1
35741	1
24455	1
57186	1
23567	1
56523	1
34530	1
24300	1
24923	1
52284	1
11396	1
47371	1
2178	1
30732	1
15287	1
7009	1
2363	1
42187	1
53240	1
2329	1
17433	1
24945	1
35926	1
23682	1
12519	1
9550	1
22033	1
1652	1
26718	1
46017	1
42554	1
925	1
337	1
57200	1
12544	1
63114	1
14370	1
1354	1
39046	1
57174	1
25493	1
17252	1
8157	1
57661	1
39263	1
50750	1
21055	1
214	1
13148	1
16794	1
12453	1
17819	1
2397	1
28976	1
12637	1
16441	1
10990	1
9429	1
1513	1
22112	1
8111	1
30234	1
32826	1
19903	1
1156	1
11963	1
39649	1
59527	1
11827	1
58893	1
15205	1
7953	1
6028	1
49448	1
3891	1
35840	1
37183	1
17784	1
8443	1
38931	1
19584	1
33298	1
6764	1
23545	1
51995	1
33258	1
33945	1
573	1
351	1
38145	1
28153	1
36025	1
12500	1
16055	1
38952	1
35690	1
15673	1
30435	1
14706	1
12056	1
25672	1
48066	1
11663	1
8338	1
34241	1
37793	1
1294	1
36857	1
18237	1
31797	1
3076	1
20966	1
34647	1
52388	1
16158	1
28909	1
61029	1
2109	1
8348	1
35440	1
29803	1
14602	1
11789	1
26039	1
20234	1
46571	1
29712	1
29502	1
61221	1
18142	1
56784	1
37337	1
22763	1
23889	1
26418	1
30613	1
13920	1
10083	1
23956	1
47270	1
35175	1
58623	1
18349	1
37208	1
47644	1
23851	1
37809	1
23672	1
3976	1
5845	1
33836	1
32580	1
16573	1
28781	1
3655	1
1980	1
46236	1
4343	1
35545	1
3863	1
24712	1
28397	1
40850	1
33940	1
13934	1
4754	1
8632	1
58766	1
17082	1
29359	1
55686	1
24842	1
8534	1
57880	1
31675	1
26586	1
12359	1
6347	1
7582	1
44882	1
13838	1
37884	1
9475	1
57980	1
33500	1
37441	1
19638	1
22698	1
40222	1
30650	1
9069	1
39063	1
35947	1
12858	1
61139	1
29882	1
31986	1
35832	1
19498	1
61494	1
15552	1
29894	1
27844	1
54821	1
25070	1
20955	1
50794	1
32530	1
19076	1
12651	1
39332	1
54251	1
56178	1
22647	1
53257	1
33369	1
15301	1
23744	1
8249	1
28702	1
39108	1
38700	1
41955	1
52232	1
8388	1
4572	1
37249	1
18816	1
6764	1
42490	1
22017	1
3883	1
35093	1
49221	1
29223	1
36879	1
21141	1
53381	1
4211	1
20448	1
13045	1
46878	1
12798	1
45863	1
29079	1
20637	1
34712	1
36285	1
8400	1
38974	1
54353	1
54767	1
32792	1
42997	1
56202	1
22993	1
10555	1
35226	1
44760	1
20273	1
43348	1
45559	1
20945	1
5049	1
26581	1
23857	1
8322	1
23138	1
34818	1
11829	1
52735	1
38230	1
25812	1
8947	1
62697	1
20263	1
49264	1
33869	1
51819	1
13200	1
22052	1
53596	1
25924	1
30207	1
6516	1
19439	1
26629	1
14430	1
16013	1
11523	1
60063	1
34465	1
16521	1
38072	1
46719	1
47060	1
12217	1
46372	1
8121	1
16241	1
1530	1
959	1
55430	1
30848	1
56624	1
13231	1
59557	1
16542	1
28967	1
57301	1
51974	1
38831	1
4231	1
41453	1
13472	1
24866	1
11330	1
18559	1
24747	1
3641	1
10426	1
50366	1
5864	1
51941	1
23708	1
51445	1
5725	1
34563	1
19468	1
52929	1
17950	1
48641	1
6487	1
28132	1
374	1
1683	1
12182	1
378	1
61838	1
16462	1
13109	1
29008	1
37940	1
46874	1
31595	1
37146	1
2820	1
53069	1
45668	1
3559	1
26231	1
51699	1
28801	1
33240	1
34751	1
30030	1
27337	1
12894	1
32250	1
26685	1
17280	1
10023	1
33261	1
24867	1
61078	1
14894	1
5226	1
12469	1
61397	1
7041	1
51026	1
44143	1
88	1
33569	1
32465	1
33523	1
56611	1
62020	1
37093	1
12210	1
6484	1
5452	1
38831	1
36619	1
31730	1
12450	1
10538	1
59598	1
14695	1
23041	1
26773	1
50806	1
8621	1
45765	1
20299	1
24183	1
2004	1
14248	1
22695	1
4538	1
51357	1
16942	1
15484	1
32966	1
33708	1
27115	1
32628	1
9486	1
22144	1
32351	1
34254	1
55247	1
22750	1
37529	1
51844	1
17878	1
62016	1
13900	1
16292	1
47824	1
19546	1
27909	1
37016	1
6073	1
11398	1
2306	1
44210	1
34729	1
37714	1
25539	1
2231	1
59694	1
55372	1
16548	1
15617	1
31897	1
26619	1
7692	1
22666	1
33028	1
15615	1
58815	1
59975	1
30332	1
11875	1
22210	1
25552	1
15878	1
8687	1
26071	1
50272	1
2167	1
9267	1
12766	1
31091	1
32097	1
42052	1
45548	1
21688	1
17241	1
20436	1
53403	1
30750	1
6941	1
14085	1
16092	1
31621	1
4836	1
55112	1
25738	1
27117	1
58594	1
12002	1
4384	1
2086	1
20567	1
29584	1
23817	1
42820	1
48993	1
45607	1
7279	1
22291	1
54814	1
12895	1
14930	1
9547	1
2794	1
27583	1
39681	1
36117	1
15100	1
37707	1
25339	1
33694	1
25433	1
36780	1
33959	1
17159	1
35477	1
359	1
28040	1
22204	1
97	1
29475	1
34568	1
40482	1
2132	1
62140	1
15185	1
35068	1
19831	1
25265	1
25168	1
10820	1
48127	1
13812	1
31171	1
35572	1
36436	1
21950	1
49756	1
35358	1
24784	1
5037	1
41245	1
14107	1
46701	1
61633	1
13543	1
22989	1
2278	1
24427	1
44269	1
33261	1
36650	1
52288	1
12485	1
15561	1
53326	1
13679	1
34376	1
21587	1
19940	1
36965	1
12485	1
24288	1
48954	1
51157	1
12871	1
48423	1
39172	1
27298	1
11662	1
10142	1
49281	1
7568	1
11679	1
31424	1
2073	1
60594	1
39494	1
14058	1
12505	1
39830	1
36217	1
11346	1
60344	1
39371	1
55257	1
12857	1
14055	1
8473	1
14455	1
389	1
24705	1
772	1
2950	1
36398	1
14358	1
59085	1
30497	1
27797	1
19308	1
47482	1
48149	1
28348	1
33161	1
8675	1
39237	1
18904	1
940	1
29407	1
42008	1
1321	1
36544	1
56999	1
1952	1
12655	1
26437	1
31393	1
40	1
21505	1
11334	1
4716	1
39330	1
41210	1
27322	1
39965	1
2269	1
28790	1
46329	1
29165	1
62092	1
59227	1
56263	1
54000	1
31966	1
10713	1
32429	1
29277	1
14732	1
25388	1
54650	1
14840	1
19983	1
20324	1
1665	1
62407	1
2727	1
39228	1
37068	1
6552	1
30822	1
28653	1
54952	1
31024	1
57759	1
45501	1
56289	1
28945	1
9228	1
30571	1
29065	1
7189	1
25452	1
18503	1
5967	1
58465	1
48643	1
31221	1
14020	1
25415	1
43918	1
18581	1
25036	1
25752	1
53972	1
119	1
18614	1
23008	1
60062	1
6267	1
62461	1
9082	1
8692	1
53751	1
61570	1
29248	1
13839	1
22657	1
21115	1
30709	1
17540	1
2620	1
26576	1
27372	1
33442	1
16558	1
51606	1
2514	1
53514	1
5001	1
15073	1
3554	1
31400	1
16534	1
24829	1
22510	1
40286	1
21648	1
3518	1
20290	1
11882	1
10825	1
37608	1
30888	1
16558	1
16595	1
30751	1
36905	1
30451	1
13529	1
9411	1
32221	1
36724	1
62417	1
5506	1
9747	1
56325	1
42112	1
21074	1
9489	1
2967	1
28363	1
18320	1
38233	1
10554	1
27229	1
2572	1
34486	1
9174	1
11723	1
32971	1
86	1
29971	1
27845	1
45343	1
12064	1
25691	1
20012	1
8579	1
20596	1
14229	1
31579	1
17396	1
32613	1
57121	1
15274	1
27208	1
16774	1
45166	1
47799	1
23074	1
53686	1
26865	1
18643	1
25603	1
1470	1
44741	1
3319	1
53926	1
61245	1
26457	1
34876	1
18373	1
21000	1
10316	1
7128	1
19982	1
28950	1
22574	1
38515	1
37044	1
35475	1
24175	1
29679	1
37664	1
20839	1
30446	1
20667	1
18674	1
57586	1
33140	1
5660	1
32550	1
13186	1
22920	1
2084	1
29851	1
31904	1
55245	1
48375	1
4314	1
30178	1
14927	1
2083	1
21226	1
5804	1
4004	1
3879	1
5522	1
10608	1
22430	1
8171	1
24046	1
35435	1
15766	1
17239	1
34772	1
25658	1
25330	1
32782	1
50452	1
4409	1
36290	1
11276	1
28827	1
15522	1
39260	1
34073	1
41195	1
30819	1
38251	1
17873	1
17508	1
60292	1
61238	1
2095	1
30038	1
2264	1
488	1
9283	1
4404	1
14182	1
47733	1
422	1
36690	1
61455	1
55231	1
38144	1
25568	1
1453	1
44788	1
43783	1
30636	1
1479	1
18845	1
17701	1
13718	1
10827	1
9217	1
44976	1
1335	1
19297	1
43141	1
31902	1
20379	1
55590	1
20138	1
29785	1
13349	1
26774	1
11180	1
57	1
29580	1
13298	1
25236	1
54274	1
8809	1
3013	1
21532	1
4889	1
18801	1
6589	1
28072	1
2859	1
4448	1
34770	1
30104	1
56898	1
23426	1
23898	1
7866	1
57885	1
55094	1
31643	1
45585	1
18398	1
55361	1
20772	1
31431	1
23617	1
35677	1
37156	1
12763	1
15128	1
21298	1
943	1
7434	1
22937	1
58514	1
27262	1
32210	1
46463	1
28198	1
4963	1
43794	1
20710	1
59711	1
25890	1
48884	1
6579	1
25815	1
15755	1
10418	1
33587	1
19916	1
19868	1
55169	1
10312	1
46228	1
59977	1
43237	1
15607	1
33049	1
33471	1
15688	1
40085	1
7598	1
8674	1
35312	1
16454	1
60988	1
7248	1
57415	1
33260	1
37818	1
18128	1
27342	1
25090	1
2294	1
39878	1
39685	1
62963	1
42868	1
58149	1
25116	1
6165	1
9978	1
3315	1
25522	1
53558	1
47146	1
32616	1
7835	1
11385	1
28701	1
38516	1
23266	1
9493	1
35926	1
6312	1
10688	1
27395	1
8189	1
27717	1
35330	1
22503	1
33789	1
39155	1
47664	1
5654	1
54895	1
32575	1
61948	1
55253	1
5642	1
13448	1
16512	1
52009	1
22693	1
27406	1
42512	1
30898	1
35227	1
26485	1
10323	1
51215	1
29684	1
60928	1
16457	1
5540	1
35969	1
36570	1
20307	1
54787	1
1169	1
36135	1
51561	1
34087	1
30864	1
23170	1
1406	1
28289	1
30357	1
12396	1
7940	1
55898	1
34588	1
12980	1
50755	1
19021	1
57276	1
12160	1
39087	1
26483	1
41248	1
21993	1
24544	1
39774	1
57451	1
25758	1
57149	1
52603	1
46593	1
58249	1
20366	1
53866	1
44482	1
23320	1
20575	1
26500	1
16592	1
50020	1
1044	1
28501	1
738	1
26529	1
51240	1
2017	1
22578	1
19326	1
18790	1
34223	1
11853	1
53694	1
9596	1
23338	1
53301	1
25110	1
11101	1
35214	1
10947	1
8540	1
12511	1
31312	1
37866	1
51817	1
28919	1
51736	1
36444	1
30428	1
16384	1
22170	1
27510	1
36055	1
14969	1
13223	1
18340	1
41136	1
35396	1
31895	1
14560	1
8819	1
28996	1
16714	1
29601	1
33293	1
40740	1
11307	1
29137	1
21131	1
21384	1
39749	1
26583	1
44015	1
4274	1
34738	1
23100	1
50954	1
36415	1
11295	1
29009	1
19527	1
27417	1
27738	1
45002	1
62019	1
28738	1
20781	1
52617	1
2270	1
36502	1
16701	1
314	1
10446	1
19488	1
41318	1
63031	1
18808	1
34898	1
3185	1
56610	1
39391	1
58070	1
48121	1
30969	1
18854	1
12473	1
61735	1
42215	1
56786	1
26818	1
21011	1
39423	1
7298	1
6448	1
8097	1
15228	1
32515	1
62144	1
61686	1
23699	1
37563	1
13058	1
17871	1
14025	1
15939	1
26441	1
47491	1
37914	1
33233	1
62003	1
19573	1
22425	1
6169	1
28875	1
21609	1
48773	1
4205	1
40886	1
3282	1
27935	1
7063	1
43742	1
36500	1
62965	1
54252	1
19330	1
18284	1
30895	1
18344	1
35958	1
26920	1
273	1
1413	1
7323	1
39683	1
8047	1
12298	1
38878	1
27427	1
8804	1
21528	1
28772	1
56833	1
41056	1
48343	1
26611	1
39832	1
3992	1
43756	1
28644	1
34653	1
8439	1
49869	1
41365	1
33718	1
25109	1
32964	1
22819	1
14979	1
15847	1
18256	1
21305	1
2730	1
24128	1
2396	1
49335	1
21050	1
23881	1
25592	1
18888	1
39909	1
30611	1
29429	1
7890	1
16429	1
50052	1
35674	1
56075	1
151	1
12703	1
25111	1
8132	1
20739	1
62491	1
28754	1
32808	1
11006	1
51888	1
54805	1
21754	1
952	1
34838	1
35355	1
27706	1
34457	1
37605	1
23866	1
30672	1
40578	1
2630	1
7489	1
34245	1
52499	1
4647	1
37299	1
32524	1
8889	1
50466	1
3031	1
57340	1
9314	1
33143	1
49616	1
40455	1
384	1
11527	1
23672	1
7282	1
31093	1
4503	1
27088	1
16048	1
1355	1
12808	1
12514	1
36085	1
55083	1
5809	1
19771	1
7014	1
15865	1
8956	1
54048	1
29745	1
1171	1
49339	1
61924	1
4843	1
36264	1
2811	1
7076	1
7760	1
30492	1
16079	1
25214	1
23167	1
5318	1
2173	1
34593	1
30338	1
38861	1
5195	1
22297	1
28248	1
62505	1
35608	1
15314	1
50915	1
7778	1
37204	1
37483	1
16138	1
42781	1
21269	1
6686	1
50639	1
36440	1
6390	1
20698	1
3711	1
57705	1
53021	1
35338	1
6741	1
34154	1
46529	1
30618	1
13465	1
38774	1
12383	1
48212	1
23920	1
62172	1
41644	1
53561	1
43313	1
58545	1
7161	1
18029	1
24679	1
19387	1
6005	1
14784	1
4340	1
44480	1
32500	1
14080	1
20283	1
20889	1
2757	1
3387	1
18528	1
951	1
24932	1
11704	1
14673	1
9663	1
8639	1
31882	1
23908	1
35210	1
534	1
15054	1
13249	1
7633	1
11570	1
25981	1
39389	1
60127	1
37205	1
56125	1
42746	1
37134	1
9899	1
14760	1
40818	1
7656	1
42477	1
21576	1
19117	1
29928	1
27771	1
37831	1
17285	1
30891	1
14750	1
21361	1
6715	1
54532	1
45947	1
30955	1
11704	1
29518	1
57839	1
40103	1
25957	1
7	1
26168	1
38804	1
9870	1
47048	1
388	1
14260	1
13849	1
22801	1
20330	1
20898	1
42181	1
2067	1
27270	1
32169	1
14141	1
6263	1
6891	1
11217	1
37530	1
10587	1
20522	1
1885	1
12366	1
14867	1
998	1
23953	1
13196	1
25623	1
54161	1
2425	1
6561	1
2778	1
33852	1
58174	1
49385	1
1073	1
29414	1
56115	1
59621	1
8064	1
1301	1
19695	1
57955	1
5489	1
57798	1
17062	1
35383	1
18974	1
57850	1
36976	1
31846	1
57699	1
61340	1
20763	1
30687	1
24587	1
6928	1
25974	1
23514	1
58721	1
11406	1
42485	1
2466	1
347	1
25814	1
2299	1
62499	1
32174	1
19097	1
23733	1
33153	1
13933	1
27982	1
30041	1
50417	1
45570	1
2711	1
59920	1
60224	1
50455	1
9449	1
22982	1
26008	1
35748	1
4331	1
18287	1
32559	1
35942	1
17635	1
18629	1
36347	1
55142	1
51190	1
14123	1
17934	1
24735	1
8989	1
34611	1
20158	1
1982	1
41395	1
33133	1
10300	1
39247	1
13081	1
3738	1
25640	1
6022	1
62520	1
9527	1
16704	1
9086	1
30061	1
55503	1
1009	1
9167	1
14648	1
44989	1
29930	1
3971	1
34627	1
21139	1
7835	1
37654	1
10869	1
12977	1
4270	1
2473	1
7426	1
60573	1
9925	1
16803	1
2367	1
20754	1
52889	1
6968	1
18139	1
30350	1
21351	1
14066	1
46757	1
18107	1
32621	1
38073	1
8769	1
17361	1
12096	1
30176	1
35261	1
26079	1
43119	1
35226	1
7826	1
37471	1
16585	1
12817	1
31681	1
2536	1
8043	1
13061	1
25937	1
17392	1
13125	1
31058	1
21260	1
33748	1
48119	1
7530	1
54869	1
9969	1
40658	1
61413	1
4947	1
48347	1
43723	1
8643	1
54295	1
50107	1
4496	1
11586	1
36705	1
44446	1
7445	1
56365	1
25661	1
3582	1
19760	1
57671	1
163	1
30278	1
59177	1
20432	1
8105	1
26795	1
61689	1
4453	1
16531	1
30332	1
15503	1
17827	1
20732	1
51199	1
25636	1
38247	1
56276	1
58425	1
46923	1
38216	1
13890	1
11034	1
24175	1
38176	1
8533	1
27979	1
48708	1
31466	1
48220	1
18589	1
36652	1
44639	1
41618	1
16319	1
36789	1
27160	1
20053	1
27803	1
2558	1
44293	1
8486	1
23202	1
20252	1
4410	1
6295	1
48704	1
10067	1
29327	1
60910	1
55649	1
58953	1
22124	1
53771	1
21758	1
8811	1
14339	1
54449	1
18362	1
10767	1
36398	1
27482	1
46366	1
35131	1
13099	1
3288	1
8483	1
20182	1
1545	1
2579	1
18966	1
17932	1
51377	1
1434	1
60406	1
14083	1
11182	1
24029	1
30698	1
24088	1
2877	1
32350	1
59275	1
41850	1
24259	1
4554	1
24582	1
13096	1
22171	1
35411	1
31703	1
13051	1
58118	1
33865	1
20452	1
61516	1
25352	1
10133	1
36850	1
20571	1
8940	1
5774	1
60333	1
60244	1
29252	1
20258	1
3872	1
41662	1
49662	1
56122	1
43095	1
5381	1
11237	1
18376	1
20284	1
9189	1
714	1
1454	1
17818	1
8686	1
28763	1
24524	1
22493	1
2023	1
29942	1
6932	1
150	1
33031	1
13004	1
14372	1
61828	1
32255	1
14222	1
3594	1
11792	1
33747	1
59858	1
14827	1
37857	1
39150	1
11790	1
7638	1
47817	1
19928	1
13653	1
45137	1
13660	1
20275	1
21599	1
39712	1
28818	1
49146	1
5327	1
13599	1
31685	1
46352	1
28425	1
61639	1
33721	1
35045	1
33122	1
27370	1
33227	1
28099	1
3606	1
35970	1
15319	1
5555	1
21828	1
41735	1
3400	1
6695	1
23379	1
4559	1
15425	1
8281	1
11175	1
18793	1
48898	1
34505	1
57197	1
37354	1
29793	1
37740	1
35660	1
23082	1
18254	1
9836	1
35486	1
16712	1
18750	1
1397	1
17500	1
39962	1
1432	1
14914	1
38208	1
47484	1
33444	1
29951	1
5003	1
4927	1
2181	1
14742	1
20647	1
50632	1
4871	1
8382	1
50371	1
39048	1
55270	1
23708	1
4439	1
32121	1
3425	1
8790	1
7576	1
2143	1
17812	1
42699	1
11043	1
24177	1
61756	1
41824	1
60317	1
53099	1
13165	1
61818	1
42064	1
4439	1
53687	1
16664	1
8793	1
19779	1
19994	1
4544	1
2731	1
4912	1
4763	1
21882	1
3403	1
49263	1
6784	1
32476	1
21791	1
5513	1
46131	1
23827	1
52470	1
9148	1
33916	1
38410	1
26723	1
18385	1
37061	1
54877	1
20560	1
62094	1
33362	1
43914	1
17990	1
27545	1
26561	1
61100	1
25193	1
19065	1
22651	1
5970	1
1621	1
3182	1
38244	1
9241	1
30006	1
40465	1
44079	1
20245	1
14956	1
56271	1
11936	1
5009	1
18338	1
17974	1
19823	1
11727	1
18546	1
13433	1
14292	1
32102	1
16561	1
33876	1
36116	1
46423	1
6125	1
5136	1
8333	1
58361	1
30936	1
30281	1
47924	1
58586	1
48235	1
58160	1
54300	1
16574	1
35682	1
5868	1
3498	1
52014	1
30368	1
1483	1
36959	1
24383	1
15275	1
25813	1
54683	1
52599	1
24242	1
35574	1
35379	1
26131	1
20695	1
28671	1
56903	1
28317	1
55900	1
46067	1
30973	1
29811	1
3777	1
37008	1
8013	1
45945	1
25392	1
27122	1
18619	1
4363	1
17015	1
30483	1
15913	1
31218	1
2763	1
44710	1
7199	1
35049	1
15690	1
25283	1
145	1
37176	1
62648	1
28951	1
13198	1
60747	1
52802	1
44217	1
27272	1
16947	1
16163	1
4312	1
5954	1
7423	1
29239	1
6032	1
9750	1
19987	1
452	1
19273	1
12984	1
20146	1
3014	1
11211	1
430	1
34438	1
28309	1
34767	1
37672	1
57612	1
22527	1
40947	1
32709	1
18399	1
43682	1
29494	1
39913	1
11712	1
13045	1
59943	1
13402	1
13911	1
59718	1
59100	1
52984	1
34443	1
45571	1
60387	1
28892	1
34321	1
56334	1
26611	1
490	1
8449	1
19799	1
46718	1
8222	1
49733	1
1002	1
52034	1
54916	1
38557	1
33744	1
34477	1
40878	1
26950	1
39212	1
38057	1
36750	1
3600	1
50896	1
9540	1
56080	1
10737	1
44821	1
25481	1
38622	1
4996	1
60648	1
9515	1
34890	1
14656	1
11860	1
8298	1
44643	1
16195	1
54566	1
4145	1
10217	1
18037	1
29970	1
26428	1
47413	1
33061	1
21037	1
58633	1
59756	1
56824	1
5902	1
11392	1
32618	1
6893	1
9959	1
2555	1
45428	1
4245	1
4094	1
20267	1
3166	1
19958	1
10428	1
15927	1
24422	1
20665	1
26190	1
60550	1
4372	1
8353	1
29706	1
20467	1
6774	1
57624	1
27366	1
23610	1
41123	1
4911	1
16487	1
4753	1
34462	1
6675	1
31856	1
17413	1
21155	1
28193	1
57970	1
5612	1
9798	1
3702	1
6136	1
17409	1
60777	1
47323	1
36298	1
35873	1
14225	1
15980	1
36470	1
49472	1
3287	1
17816	1
54344	1
12614	1
35105	1
7371	1
32635	1
11310	1
37733	1
43760	1
9932	1
21656	1
5217	1
13603	1
45817	1
28895	1
32924	1
26015	1
16525	1
38651	1
17707	1
34367	1
56537	1
5258	1
35557	1
17803	1
43946	1
46924	1
15604	1
8896	1
30105	1
32512	1
40359	1
24410	1
3176	1
24948	1
25941	1
36720	1
2460	1
18633	1
60221	1
27487	1
24998	1
8863	1
2492	1
9975	1
26145	1
49936	1
26964	1
20494	1
39178	1
55144	1
28020	1
62808	1
29965	1
10735	1
19783	1
25219	1
30877	1
13009	1
26848	1
10205	1
27196	1
3939	1
19959	1
9399	1
8730	1
44213	1
38387	1
13266	1
16221	1
4050	1
36358	1
9186	1
39320	1
43206	1
42325	1
24111	1
39135	1
31181	1
9777	1
57242	1
34134	1
15911	1
51890	1
14258	1
16389	1
61695	1
56962	1
14484	1
34618	1
50427	1
61847	1
24441	1
23885	1
17553	1
53915	1
31110	1
6681	1
21490	1
61849	1
5544	1
24805	1
60896	1
11428	1
19653	1
11695	1
28890	1
8640	1
2164	1
39250	1
21166	1
12272	1
29260	1
34036	1
12028	1
15749	1
38010	1
35398	1
7185	1
17175	1
22065	1
29527	1
32517	1
8071	1
13032	1
23412	1
39620	1
17626	1
60326	1
18021	1
8293	1
7525	1
60030	1
52461	1
12158	1
13902	1
7665	1
24004	1
58175	1
6735	1
33770	1
15735	1
29262	1
19542	1
37355	1
25927	1
16234	1
2305	1
11008	1
30414	1
1081	1
14933	1
3135	1
57834	1
20210	1
1214	1
28968	1
60818	1
43975	1
18008	1
33182	1
47202	1
32538	1
20250	1
49923	1
2739	1
57540	1
5067	1
12736	1
28086	1
2707	1
30596	1
46922	1
15544	1
22787	1
15003	1
46462	1
15449	1
9719	1
26700	1
21068	1
2200	1
36755	1
60121	1
22722	1
38503	1
46581	1
5269	1
61482	1
15917	1
31540	1
12262	1
32165	1
35554	1
53710	1
23114	1
50880	1
60566	1
31642	1
3508	1
26814	1
7135	1
20296	1
37515	1
19957	1
11969	1
23134	1
29053	1
21738	1
24514	1
15819	1
20489	1
36227	1
51032	1
48649	1
51524	1
2319	1
54580	1
31834	1
21191	1
22226	1
23215	1
40463	1
18300	1
568	1
10166	1
9913	1
37865	1
43004	1
1691	1
61	1
24140	1
33302	1
31996	1
20310	1
43009	1
36793	1
37411	1
46721	1
51815	1
28150	1
19825	1
55431	1
862	1
58272	1
12273	1
10778	1
4256	1
57737	1
27091	1
27767	1
26735	1
60071	1
30075	1
24070	1
1241	1
15402	1
115	1
35750	1
23336	1
41088	1
12077	1
16992	1
11374	1
56544	1
38440	1
45340	1
29491	1
27530	1
30048	1
42821	1
31757	1
20048	1
29547	1
26246	1
24125	1
555	1
21802	1
37806	1
5608	1
33763	1
55314	1
30963	1
59311	1
7039	1
15293	1
24390	1
15777	1
20132	1
40655	1
31070	1
29581	1
4120	1
9315	1
35446	1
56175	1
1776	1
3204	1
42677	1
53293	1
10699	1
32533	1
147	1
45615	1
6323	1
10504	1
24758	1
10707	1
36090	1
9469	1
18336	1
55473	1
26865	1
36464	1
61682	1
16046	1
45014	1
15798	1
38289	1
28956	1
47699	1
16344	1
32803	1
44487	1
56210	1
3523	1
38732	1
61220	1
61293	1
53965	1
45121	1
23980	1
29660	1
38938	1
24740	1
61874	1
14894	1
18874	1
13036	1
61916	1
58543	1
13797	1
37095	1
44307	1
21666	1
26682	1
31332	1
52078	1
5770	1
22514	1
17216	1
21722	1
18156	1
11013	1
27571	1
46319	1
10776	1
394	1
49318	1
19025	1
32654	1
12573	1
52519	1
971	1
29995	1
15788	1
37878	1
7599	1
6785	1
3514	1
29398	1
24210	1
56901	1
23579	1
39	1
282	1
1469	1
23286	1
50416	1
28779	1
36379	1
127	1
40879	1
11869	1
9840	1
56881	1
34241	1
3981	1
33183	1
57039	1
11664	1
1518	1
59921	1
28109	1
29939	1
42903	1
38304	1
23540	1
26705	1
8170	1
12340	1
8673	1
58939	1
6294	1
60864	1
21441	1
35820	1
32843	1
27198	1
30195	1
14766	1
54163	1
1343	1
43463	1
21751	1
1211	1
35562	1
39082	1
20502	1
49315	1
2711	1
12926	1
36670	1
11054	1
24573	1
13080	1
42970	1
9702	1
3518	1
27907	1
56895	1
25738	1
43338	1
12703	1
12594	1
5604	1
42341	1
3411	1
34758	1
32128	1
48117	1
39217	1
23511	1
35306	1
41183	1
8126	1
13560	1
36680	1
20981	1
26655	1
15230	1
56829	1
40623	1
62173	1
27474	1
27762	1
110	1
54925	1
38154	1
40869	1
1990	1
9019	1
45372	1
48031	1
14073	1
11403	1
51911	1
46621	1
18611	1
48437	1
34022	1
18438	1
17337	1
23881	1
2590	1
23571	1
7972	1
35388	1
3851	1
17872	1
1011	1
7523	1
5435	1
22542	1
1910	1
10817	1
23398	1
43115	1
51756	1
41859	1
60753	1
42229	1
34586	1
25545	1
14868	1
62321	1
2543	1
12223	1
48320	1
56643	1
6403	1
57727	1
49460	1
43982	1
1361	1
1775	1
6268	1
26109	1
63053	1
1949	1
41190	1
4550	1
59291	1
1220	1
45580	1
16000	1
29891	1
32840	1
37647	1
30300	1
17317	1
52321	1
33309	1
11984	1
11242	1
53979	1
56109	1
10147	1
34356	1
27586	1
60606	1
27072	1
45450	1
9534	1
42574	1
58363	1
26664	1
6372	1
7377	1
33647	1
34126	1
34175	1
57868	1
1019	1
62201	1
23609	1
27294	1
35943	1
33002	1
38798	1
62976	1
62047	1
3752	1
28276	1
38369	1
38206	1
6672	1
12960	1
22434	1
31853	1
14793	1
23403	1
30644	1
62780	1
32263	1
357	1
5957	1
9917	1
40748	1
30781	1
52393	1
9739	1
21582	1
39485	1
16025	1
21490	1
37277	1
49372	1
8925	1
26685	1
28856	1
6894	1
20870	1
13984	1
55057	1
39221	1
24465	1
34532	1
19549	1
39241	1
22359	1
23860	1
26628	1
20219	1
32600	1
32879	1
12677	1
44548	1
48721	1
20076	1
59693	1
36109	1
25512	1
18275	1
55014	1
36477	1
19634	1
28103	1
20239	1
17139	1
10427	1
49435	1
33780	1
26942	1
17080	1
28100	1
44520	1
27371	1
649	1
3550	1
10805	1
48565	1
10463	1
26771	1
28896	1
8399	1
34918	1
3118	1
37886	1
23081	1
49988	1
31204	1
19627	1
19467	1
55326	1
18127	1
31303	1
14028	1
40622	1
44230	1
50119	1
16091	1
2864	1
23125	1
34733	1
59377	1
28985	1
39846	1
4266	1
2682	1
39247	1
14719	1
30347	1
20904	1
37060	1
5922	1
32354	1
4814	1
12407	1
62393	1
792	1
28076	1
24811	1
32918	1
21201	1
33554	1
45860	1
109	1
21260	1
53867	1
50830	1
47937	1
53615	1
28836	1
19943	1
14972	1
61634	1
35357	1
23935	1
61758	1
22256	1
18047	1
5520	1
27812	1
20385	1
36271	1
23995	1
50496	1
38796	1
14630	1
19225	1
38895	1
51956	1
20051	1
31812	1
37131	1
32690	1
31476	1
58210	1
16075	1
12553	1
49378	1
1163	1
40587	1
2597	1
21060	1
3457	1
1157	1
44924	1
22403	1
21809	1
4163	1
3605	1
2316	1
38343	1
27357	1
27969	1
19074	1
38757	1
51114	1
55749	1
24775	1
19057	1
55028	1
20741	1
57461	1
16058	1
28454	1
17104	1
36364	1
49377	1
21762	1
5840	1
13354	1
15278	1
29371	1
61198	1
14072	1
41144	1
48217	1
13724	1
16680	1
45275	1
3374	1
22951	1
39196	1
7194	1
8397	1
1666	1
25292	1
55552	1
40739	1
34812	1
3001	1
42651	1
4961	1
57351	1
27443	1
44647	1
16819	1
40683	1
5309	1
22040	1
28863	1
3827	1
18761	1
36651	1
5000	1
29436	1
28149	1
37996	1
8056	1
27434	1
12122	1
9623	1
27209	1
22175	1
54283	1
30101	1
36645	1
12782	1
668	1
19125	1
35281	1
48630	1
54950	1
20003	1
11788	1
17571	1
10799	1
31818	1
42705	1
5882	1
9169	1
4952	1
24080	1
6332	1
31864	1
50444	1
4018	1
41252	1
45158	1
56947	1
34350	1
55516	1
34858	1
13499	1
10304	1
25848	1
40330	1
25832	1
24888	1
16703	1
46689	1
12829	1
53469	1
16016	1
25916	1
62014	1
51465	1
12653	1
36267	1
6216	1
24598	1
6750	1
27409	1
8218	1
44891	1
13010	1
15613	1
33367	1
10794	1
11592	1
58910	1
20664	1
39796	1
51089	1
18250	1
58667	1
29478	1
54796	1
46401	1
38191	1
29637	1
41596	1
10932	1
6587	1
20105	1
26538	1
46876	1
9274	1
27407	1
62968	1
60518	1
56463	1
11288	1
22612	1
62806	1
60264	1
32562	1
12603	1
60719	1
6979	1
12542	1
52715	1
23625	1
13735	1
25084	1
28751	1
21417	1
37742	1
5776	1
33852	1
29453	1
12123	1
9453	1
3478	1
28051	1
1784	1
37341	1
36092	1
8209	1
47940	1
27014	1
35957	1
39236	1
20260	1
21114	1
58216	1
50709	1
8356	1
9551	1
38266	1
1279	1
12971	1
46832	1
51194	1
10275	1
59273	1
34212	1
43449	1
8061	1
9392	1
33777	1
27652	1
3	1
3965	1
52943	1
44933	1
15462	1
32309	1
21930	1
40643	1
11361	1
29991	1
22406	1
30649	1
31793	1
121	1
490	1
32702	1
21282	1
21454	1
12896	1
50300	1
14298	1
22279	1
456	1
5925	1
52483	1
36755	1
38042	1
33105	1
28040	1
12032	1
3229	1
13510	1
31467	1
22354	1
58907	1
2318	1
31297	1
20058	1
33025	1
24031	1
10298	1
49457	1
56569	1
35707	1
35691	1
31328	1
13144	1
27368	1
7498	1
54936	1
7382	1
38638	1
18327	1
16606	1
2974	1
51434	1
38822	1
25362	1
47126	1
18459	1
6225	1
36499	1
20547	1
33536	1
13611	1
18052	1
12153	1
25520	1
48862	1
10928	1
58478	1
31048	1
33717	1
26786	1
10518	1
89	1
3693	1
52421	1
31793	1
26472	1
17845	1
51204	1
23129	1
13619	1
12296	1
27246	1
26846	1
4459	1
6767	1
11442	1
13555	1
57854	1
19809	1
10580	1
25987	1
31545	1
54315	1
60867	1
29072	1
3444	1
18036	1
47917	1
36457	1
20653	1
26153	1
29962	1
14168	1
37869	1
9483	1
24699	1
31561	1
27742	1
27787	1
52017	1
24601	1
6340	1
50655	1
34158	1
21602	1
4727	1
51452	1
58491	1
10244	1
8898	1
15563	1
44272	1
62171	1
13211	1
15998	1
59614	1
37170	1
23012	1
61484	1
20846	1
6531	1
62522	1
16232	1
23218	1
25909	1
13257	1
12232	1
43773	1
18103	1
61561	1
12791	1
46339	1
15625	1
24542	1
32028	1
7632	1
22871	1
12448	1
25677	1
22242	1
28911	1
50831	1
26187	1
13408	1
33831	1
53789	1
39189	1
9014	1
26227	1
3203	1
7372	1
60844	1
26819	1
35825	1
6637	1
51539	1
9804	1
16992	1
9461	1
11608	1
44751	1
22257	1
2447	1
40933	1
4	1
44698	1
47530	1
20254	1
11717	1
11606	1
10648	1
50245	1
33158	1
58647	1
48194	1
3544	1
8913	1
54693	1
2734	1
41277	1
15938	1
45825	1
11764	1
5039	1
34231	1
33881	1
31210	1
37621	1
44016	1
36563	1
35507	1
35547	1
27127	1
58839	1
26502	1
56593	1
52928	1
5233	1
21376	1
27951	1
6418	1
7287	1
15585	1
28925	1
20112	1
21118	1
2170	1
8723	1
9123	1
11536	1
19986	1
26481	1
28332	1
55066	1
49671	1
19202	1
16667	1
24706	1
39366	1
4802	1
58477	1
60034	1
46332	1
52595	1
2286	1
42547	1
1963	1
28589	1
24362	1
30184	1
2187	1
36362	1
26086	1
6310	1
36679	1
63034	1
26386	1
33516	1
41007	1
8340	1
2196	1
4591	1
28176	1
25365	1
59786	1
56545	1
50645	1
20829	1
6740	1
19994	1
36019	1
21274	1
10370	1
236	1
15697	1
48586	1
48001	1
5419	1
29144	1
38022	1
29717	1
38129	1
35156	1
5646	1
4413	1
44546	1
49108	1
49098	1
37938	1
16423	1
1079	1
23940	1
19265	1
4685	1
11724	1
45514	1
2067	1
44608	1
54199	1
50040	1
6712	1
10	1
33619	1
55417	1
12400	1
38996	1
34275	1
32206	1
3134	1
55846	1
4455	1
57063	1
6340	1
59411	1
17427	1
20604	1
21432	1
4282	1
5980	1
43072	1
47616	1
6437	1
1739	1
1075	1
55702	1
29799	1
47931	1
2940	1
16577	1
407	1
51549	1
4873	1
14643	1
18295	1
35295	1
7950	1
11373	1
32876	1
32541	1
52114	1
2979	1
8570	1
37814	1
46961	1
35628	1
56055	1
13155	1
9454	1
3422	1
51609	1
31205	1
23189	1
26742	1
35230	1
46975	1
3696	1
32895	1
29198	1
304	1
43445	1
18770	1
26089	1
1765	1
36617	1
61485	1
60281	1
2279	1
61054	1
30397	1
7003	1
34705	1
26690	1
14261	1
19695	1
15426	1
31780	1
25491	1
7955	1
59060	1
9707	1
6529	1
40291	1
43930	1
8554	1
6610	1
22804	1
21767	1
35444	1
49250	1
44899	1
24578	1
26259	1
22361	1
4628	1
29522	1
21099	1
44983	1
36446	1
15997	1
5520	1
903	1
62559	1
37195	1
41286	1
61051	1
7093	1
41293	1
5429	1
53393	1
8084	1
2756	1
30546	1
23762	1
6858	1
8046	1
42259	1
8701	1
38757	1
14773	1
25536	1
4251	1
32652	1
7192	1
8509	1
17479	1
49222	1
35330	1
206	1
52855	1
23612	1
30461	1
9946	1
2626	1
39952	1
45361	1
37674	1
15511	1
31988	1
35412	1
5544	1
57667	1
29640	1
38976	1
41307	1
36372	1
14162	1
60601	1
42177	1
57808	1
37658	1
38941	1
35950	1
35720	1
14879	1
38715	1
4656	1
16772	1
6762	1
38942	1
26504	1
27163	1
15566	1
35543	1
52586	1
14061	1
17740	1
32717	1
20930	1
40797	1
26533	1
2847	1
36110	1
23542	1
61809	1
33266	1
30733	1
51634	1
43162	1
32929	1
16384	1
60323	1
29805	1
36737	1
16443	1
27385	1
5536	1
58665	1
19343	1
35851	1
16114	1
17695	1
12408	1
10877	1
7678	1
62596	1
40376	1
137	1
23183	1
38234	1
2480	1
39770	1
48271	1
14608	1
37678	1
34234	1
21045	1
2277	1
963	1
8107	1
38421	1
21143	1
19674	1
43512	1
18620	1
25361	1
53479	1
37578	1
17038	1
38413	1
25771	1
14512	1
24652	1
17878	1
35194	1
47201	1
3134	1
23357	1
10018	1
22795	1
15833	1
17182	1
58494	1
10822	1
36096	1
54033	1
23949	1
16901	1
8245	1
40377	1
56658	1
30201	1
11287	1
46450	1
30682	1
56650	1
46691	1
43011	1
34795	1
33288	1
46415	1
28810	1
59269	1
35640	1
6548	1
52705	1
3628	1
15931	1
5206	1
2863	1
24557	1
8262	1
25323	1
33904	1
16632	1
47523	1
29853	1
43017	1
28971	1
61558	1
17116	1
57324	1
29193	1
36951	1
58433	1
38118	1
26524	1
5716	1
15306	1
17900	1
3628	1
54378	1
11215	1
22218	1
32955	1
16457	1
37123	1
14239	1
51761	1
50629	1
21881	1
43078	1
56049	1
28350	1
20541	1
39045	1
36508	1
41265	1
509	1
25061	1
26715	1
39343	1
23359	1
31512	1
17370	1
40728	1
4485	1
39253	1
35890	1
11750	1
16730	1
24917	1
16643	1
9281	1
25633	1
38663	1
38050	1
5029	1
28426	1
22380	1
24164	1
56844	1
36150	1
7115	1
20751	1
22842	1
36100	1
13629	1
14487	1
46031	1
45433	1
49697	1
23032	1
7038	1
22316	1
56157	1
26985	1
17345	1
62979	1
40453	1
4991	1
8408	1
22040	1
44877	1
4157	1
18202	1
20333	1
54538	1
36163	1
49192	1
4430	1
36306	1
49688	1
27828	1
39116	1
31258	1
847	1
26862	1
43456	1
11968	1
17327	1
35055	1
23597	1
33393	1
29446	1
22887	1
15184	1
45427	1
25105	1
19430	1
43027	1
22533	1
45308	1
33702	1
9459	1
34121	1
2924	1
22419	1
30651	1
35194	1
58958	1
26537	1
11522	1
29340	1
22601	1
51790	1
49593	1
55804	1
29028	1
36421	1
9104	1
27478	1
13390	1
24192	1
37895	1
27845	1
35565	1
32733	1
38139	1
2288	1
5829	1
27195	1
21994	1
56651	1
19035	1
27864	1
11520	1
2880	1
10901	1
943	1
8247	1
36991	1
5237	1
5787	1
34354	1
40651	1
43374	1
23558	1
6056	1
43511	1
8907	1
59992	1
24400	1
23235	1
38345	1
36458	1
45060	1
44328	1
58798	1
3928	1
9334	1
50285	1
18277	1
47331	1
15265	1
32218	1
58940	1
24465	1
24477	1
38649	1
12799	1
27501	1
31586	1
25447	1
55849	1
15724	1
58600	1
36459	1
22794	1
33626	1
13099	1
23523	1
57252	1
23781	1
13570	1
48962	1
17908	1
61515	1
10892	1
1052	1
3100	1
3966	1
22269	1
34670	1
26663	1
33188	1
22947	1
4097	1
1309	1
15194	1
28841	1
1532	1
12227	1
12777	1
2175	1
29091	1
4986	1
19586	1
25598	1
12887	1
55456	1
59965	1
36310	1
21987	1
5234	1
37645	1
20994	1
31619	1
27061	1
15970	1
26319	1
50916	1
61492	1
43525	1
22074	1
13975	1
13452	1
2148	1
45511	1
5653	1
23431	1
18067	1
33139	1
11531	1
57677	1
45034	1
24189	1
47282	1
20814	1
14201	1
6872	1
54663	1
37413	1
2895	1
2647	1
22326	1
38219	1
49723	1
3171	1
46264	1
6779	1
10753	1
24882	1
53702	1
337	1
7599	1
47635	1
14945	1
46243	1
6948	1
39519	1
24974	1
42960	1
20860	1
39775	1
1501	1
30708	1
1714	1
54173	1
40527	1
28713	1
41017	1
13711	1
26691	1
868	1
21175	1
58066	1
23486	1
48971	1
16496	1
51984	1
47677	1
15132	1
19548	1
56061	1
11793	1
36531	1
32874	1
9989	1
49640	1
38131	1
10923	1
63102	1
57707	1
2266	1
24409	1
30107	1
535	1
7105	1
8810	1
8216	1
3044	1
59471	1
62090	1
32297	1
36403	1
7721	1
20993	1
21122	1
14604	1
46489	1
25153	1
22789	1
9319	1
24258	1
20341	1
25792	1
33889	1
28428	1
8638	1
46300	1
44535	1
30578	1
20899	1
62080	1
23665	1
11230	1
16362	1
21543	1
9178	1
11690	1
61369	1
2155	1
31706	1
5049	1
12014	1
5870	1
44906	1
3805	1
7515	1
36777	1
36087	1
29632	1
14984	1
29066	1
30546	1
47161	1
28843	1
23087	1
18410	1
50435	1
29572	1
38802	1
31683	1
2553	1
3349	1
14078	1
28674	1
31666	1
22826	1
20708	1
33191	1
18914	1
8233	1
15212	1
36169	1
3465	1
44552	1
48871	1
920	1
38438	1
33052	1
52152	1
32262	1
885	1
14530	1
14721	1
42362	1
15115	1
27033	1
21470	1
19348	1
44411	1
35807	1
15634	1
15046	1
60417	1
29464	1
45721	1
21966	1
37054	1
34452	1
29313	1
12911	1
16835	1
22570	1
48848	1
62576	1
4872	1
44530	1
30446	1
27734	1
3715	1
22020	1
640	1
5347	1
20394	1
44197	1
2082	1
39476	1
28872	1
11575	1
6144	1
23683	1
2884	1
19578	1
61297	1
27912	1
33382	1
2545	1
1689	1
17498	1
53088	1
52221	1
24620	1
12484	1
1463	1
24523	1
9641	1
29132	1
3927	1
53891	1
32407	1
22101	1
3	1
19844	1
45543	1
2109	1
13991	1
8127	1
29578	1
17341	1
30005	1
26334	1
28806	1
60571	1
22138	1
40011	1
26463	1
19553	1
16115	1
31783	1
8921	1
7000	1
54969	1
32080	1
16434	1
57543	1
56330	1
54628	1
26479	1
462	1
11360	1
60091	1
38085	1
28792	1
36377	1
32882	1
56718	1
10195	1
12585	1
58345	1
18221	1
15036	1
39418	1
11117	1
10507	1
10405	1
40171	1
12045	1
62460	1
11347	1
35338	1
21521	1
34046	1
18817	1
8588	1
34582	1
12890	1
60826	1
57664	1
3871	1
36416	1
17836	1
20170	1
34973	1
9763	1
563	1
13328	1
33545	1
40141	1
35353	1
8712	1
30502	1
6197	1
31108	1
12540	1
20598	1
18558	1
10127	1
62998	1
3763	1
9499	1
45103	1
25756	1
50358	1
58190	1
33297	1
22387	1
54468	1
35026	1
19984	1
8752	1
34903	1
18252	1
21341	1
38721	1
34502	1
2134	1
55682	1
14756	1
42288	1
30637	1
33099	1
28146	1
39603	1
4516	1
27165	1
30792	1
29303	1
54526	1
10640	1
94	1
10289	1
22273	1
22863	1
47132	1
11073	1
1631	1
45887	1
12109	1
7366	1
21806	1
10272	1
39382	1
44367	1
33015	1
789	1
58419	1
4752	1
16348	1
1559	1
50142	1
45159	1
26904	1
19676	1
37649	1
61721	1
44329	1
7702	1
17413	1
9321	1
41931	1
39044	1
4120	1
18695	1
29985	1
17325	1
22160	1
46431	1
19864	1
37264	1
37532	1
21345	1
32664	1
41666	1
704	1
27673	1
5444	1
40895	1
39718	1
27722	1
13926	1
55697	1
13140	1
30238	1
4888	1
51758	1
31878	1
22619	1
12498	1
31251	1
36195	1
27476	1
1524	1
36277	1
21214	1
27883	1
27970	1
9415	1
41590	1
56184	1
14814	1
10937	1
25835	1
134	1
47405	1
42397	1
46697	1
52408	1
7744	1
8472	1
37598	1
24722	1
17898	1
14801	1
53445	1
19638	1
41513	1
33899	1
52732	1
35579	1
55889	1
35309	1
33882	1
29722	1
48665	1
48720	1
18280	1
19037	1
3218	1
17212	1
5344	1
24429	1
20181	1
18522	1
46717	1
6051	1
20288	1
20931	1
38727	1
20930	1
9301	1
5136	1
16696	1
17096	1
846	1
52215	1
18784	1
44529	1
46730	1
19129	1
18365	1
37267	1
27873	1
35423	1
19212	1
57687	1
25663	1
24003	1
44619	1
28167	1
2040	1
58241	1
4647	1
13783	1
837	1
51568	1
4015	1
9058	1
26052	1
21396	1
57891	1
12011	1
12992	1
40488	1
40973	1
29363	1
54591	1
35249	1
1190	1
60309	1
35119	1
556	1
10945	1
26652	1
23156	1
16857	1
38586	1
24093	1
22884	1
10974	1
11191	1
32362	1
5718	1
763	1
19371	1
2695	1
20340	1
45287	1
33521	1
36682	1
29416	1
37724	1
7324	1
41334	1
31724	1
58990	1
5156	1
16560	1
1122	1
29334	1
37356	1
21917	1
12004	1
36962	1
24993	1
22057	1
38007	1
3202	1
40201	1
8341	1
10646	1
12376	1
32862	1
36302	1
9008	1
53001	1
18644	1
45012	1
27030	1
23583	1
23928	1
46703	1
60791	1
33821	1
48667	1
51929	1
26313	1
8020	1
32910	1
15150	1
35054	1
23891	1
54598	1
5062	1
42597	1
35550	1
3401	1
32158	1
29912	1
17314	1
32255	1
9223	1
40585	1
5543	1
7489	1
16679	1
15230	1
57310	1
49858	1
34369	1
14532	1
4713	1
36819	1
6975	1
36098	1
12526	1
5518	1
58012	1
31978	1
9301	1
4070	1
20838	1
42469	1
32431	1
3880	1
55125	1
15672	1
3342	1
30780	1
41051	1
62017	1
32004	1
14968	1
12646	1
11834	1
16981	1
42737	1
33276	1
29576	1
60436	1
16426	1
17266	1
41702	1
9376	1
3597	1
30265	1
5089	1
35513	1
21702	1
10691	1
10502	1
55771	1
57482	1
26416	1
37523	1
6417	1
28680	1
11124	1
23377	1
21638	1
20595	1
2589	1
25850	1
40028	1
26607	1
50978	1
18351	1
43409	1
33104	1
58336	1
5509	1
60597	1
17312	1
32938	1
27265	1
17568	1
35144	1
15951	1
31148	1
12471	1
57069	1
12430	1
29509	1
10286	1
44258	1
23003	1
31495	1
27684	1
22384	1
13022	1
34325	1
12242	1
9042	1
37135	1
56196	1
6601	1
32905	1
21081	1
14631	1
22827	1
31382	1
20453	1
6859	1
20373	1
16784	1
1782	1
5493	1
582	1
54716	1
60588	1
14390	1
30118	1
8506	1
2476	1
39515	1
21565	1
27259	1
18001	1
19446	1
56627	1
35860	1
24019	1
11319	1
23649	1
25366	1
28967	1
9324	1
10453	1
23716	1
33927	1
36361	1
52274	1
24799	1
51707	1
3196	1
8673	1
16064	1
61389	1
52149	1
42917	1
22083	1
48266	1
34558	1
29463	1
51063	1
45786	1
10020	1
13107	1
13471	1
21894	1
61462	1
13469	1
9466	1
21249	1
11780	1
20985	1
29065	1
20319	1
32188	1
39031	1
22961	1
46052	1
58211	1
57476	1
901	1
26961	1
22681	1
30626	1
33827	1
43632	1
58112	1
50503	1
14993	1
1138	1
6339	1
28021	1
20981	1
24382	1
23200	1
434	1
56283	1
11262	1
30073	1
12889	1
36899	1
13804	1
293	1
9144	1
7060	1
32396	1
9618	1
32434	1
36863	1
36259	1
33468	1
52751	1
32996	1
35244	1
54311	1
32585	1
20001	1
9135	1
16120	1
57313	1
1541	1
9260	1
9884	1
22391	1
31328	1
46715	1
61166	1
19818	1
31078	1
15373	1
32864	1
34817	1
48387	1
26452	1
5983	1
59246	1
37921	1
30574	1
8541	1
58119	1
3298	1
39032	1
59576	1
20457	1
22750	1
35305	1
30237	1
2441	1
51826	1
25988	1
21980	1
18555	1
45302	1
1953	1
37591	1
35931	1
36244	1
58971	1
20363	1
11694	1
42120	1
11990	1
13087	1
23815	1
753	1
42511	1
56671	1
1154	1
9157	1
63056	1
3783	1
27421	1
23342	1
53023	1
4475	1
52843	1
23688	1
8112	1
53784	1
12535	1
62056	1
39049	1
12006	1
9811	1
36122	1
25200	1
44485	1
29257	1
22788	1
10411	1
5479	1
23288	1
6087	1
34615	1
52397	1
21395	1
35206	1
12128	1
26497	1
7768	1
41989	1
53070	1
28101	1
42437	1
37607	1
40468	1
42175	1
30612	1
53688	1
32378	1
27903	1
30154	1
1685	1
22962	1
53531	1
16560	1
33377	1
35200	1
12848	1
50867	1
50614	1
21864	1
19395	1
37545	1
51489	1
38696	1
21617	1
55482	1
54811	1
30009	1
22740	1
3529	1
21839	1
32507	1
23495	1
31354	1
60541	1
17087	1
23923	1
27838	1
58785	1
7291	1
33990	1
32818	1
35753	1
42687	1
62942	1
57417	1
29307	1
52082	1
34823	1
22956	1
38791	1
45019	1
35940	1
23668	1
5013	1
49235	1
29611	1
32404	1
14006	1
37513	1
26698	1
19286	1
39344	1
15226	1
24347	1
23145	1
12952	1
3410	1
8379	1
58319	1
34717	1
26260	1
22678	1
13516	1
62839	1
32391	1
20453	1
18660	1
16127	1
9816	1
7294	1
75	1
55820	1
8458	1
3604	1
44708	1
1455	1
62665	1
49003	1
61987	1
28360	1
23932	1
29687	1
61411	1
6132	1
18281	1
62320	1
32205	1
48427	1
43424	1
23680	1
2093	1
20548	1
50625	1
17344	1
2967	1
29339	1
28536	1
28517	1
21781	1
46001	1
18934	1
17957	1
32011	1
33144	1
36549	1
7235	1
38947	1
16827	1
16749	1
22617	1
62430	1
61009	1
5564	1
48400	1
24715	1
24127	1
17644	1
30395	1
52718	1
29603	1
48165	1
7118	1
61434	1
26088	1
45396	1
39415	1
16450	1
4747	1
1010	1
6968	1
4975	1
15060	1
36985	1
34061	1
1390	1
28539	1
3954	1
10982	1
4095	1
5722	1
62918	1
44052	1
18488	1
38775	1
58562	1
12197	1
19575	1
4980	1
2765	1
33878	1
41860	1
25462	1
58956	1
17120	1
30573	1
54653	1
30775	1
12572	1
12306	1
44816	1
34629	1
54639	1
11720	1
53191	1
31547	1
38151	1
26044	1
61382	1
32526	1
7293	1
24122	1
14588	1
15322	1
8044	1
31265	1
36407	1
26140	1
6867	1
694	1
37497	1
39306	1
50117	1
27501	1
63127	1
18623	1
6118	1
6887	1
19977	1
29123	1
24482	1
25730	1
12147	1
7780	1
50610	1
25875	1
58529	1
41496	1
7277	1
58998	1
13460	1
14204	1
28578	1
25393	1
16756	1
26848	1
4958	1
8019	1
32193	1
3091	1
20459	1
59113	1
28144	1
40400	1
3540	1
24848	1
39123	1
63087	1
26632	1
48150	1
36229	1
42556	1
7485	1
46302	1
28116	1
58848	1
10718	1
5802	1
8115	1
8634	1
24254	1
636	1
2828	1
23853	1
36815	1
27129	1
23282	1
26293	1
21151	1
47362	1
18157	1
57016	1
25666	1
34280	1
8279	1
3839	1
18572	1
259	1
23526	1
2661	1
27535	1
26878	1
4329	1
29124	1
18498	1
57747	1
30305	1
36257	1
35197	1
15917	1
13204	1
46159	1
33681	1
34525	1
6352	1
17745	1
11385	1
38448	1
42312	1
10634	1
42035	1
13934	1
37457	1
7313	1
27527	1
7650	1
16419	1
2307	1
5815	1
9231	1
36044	1
34578	1
3964	1
4017	1
10424	1
38098	1
1004	1
54047	1
52118	1
19960	1
12687	1
26130	1
58676	1
49482	1
14560	1
22578	1
19576	1
54451	1
18700	1
4979	1
31326	1
42131	1
344	1
57159	1
38354	1
62718	1
50252	1
16922	1
11642	1
26898	1
9249	1
26573	1
26441	1
42005	1
29122	1
50058	1
28748	1
36342	1
22943	1
6827	1
51884	1
13420	1
10218	1
3131	1
48567	1
28431	1
14598	1
30161	1
38303	1
9738	1
57136	1
38229	1
23616	1
2167	1
5704	1
35815	1
27879	1
27449	1
61288	1
8892	1
17449	1
27019	1
23599	1
18928	1
9174	1
53063	1
3112	1
41634	1
50968	1
35743	1
15851	1
4673	1
26543	1
19378	1
714	1
45320	1
28377	1
37487	1
29651	1
62052	1
9754	1
37126	1
33568	1
37999	1
16289	1
25707	1
38742	1
19657	1
25638	1
26804	1
16731	1
23290	1
43025	1
58866	1
36089	1
27923	1
4942	1
42695	1
1861	1
4906	1
33452	1
35528	1
28305	1
19720	1
21862	1
52693	1
40794	1
38102	1
8294	1
3668	1
19532	1
44999	1
14910	1
44050	1
21216	1
51629	1
21210	1
28002	1
19763	1
38874	1
30424	1
3512	1
27096	1
19590	1
51126	1
54247	1
21491	1
32503	1
48788	1
12254	1
32646	1
17379	1
5852	1
26555	1
28499	1
16126	1
57924	1
131	1
11238	1
2790	1
11402	1
1884	1
20582	1
31957	1
46651	1
37908	1
50881	1
16014	1
37199	1
18976	1
26194	1
8914	1
4263	1
4681	1
35803	1
5607	1
37319	1
24262	1
51044	1
33527	1
57786	1
3392	1
58753	1
56723	1
31739	1
10521	1
12482	1
32379	1
22163	1
409	1
9404	1
38371	1
18567	1
18579	1
36794	1
3139	1
44791	1
32411	1
16060	1
14402	1
51077	1
5238	1
35141	1
11958	1
5365	1
13644	1
11217	1
40502	1
17477	1
41328	1
25387	1
23048	1
16004	1
27629	1
54459	1
4118	1
8242	1
9149	1
43898	1
34062	1
34735	1
26490	1
68	1
9719	1
4715	1
49410	1
32890	1
6365	1
57818	1
35393	1
59469	1
31333	1
37253	1
22721	1
24426	1
41709	1
12984	1
62100	1
61243	1
496	1
27321	1
25796	1
45804	1
17654	1
45319	1
14512	1
7030	1
23450	1
1029	1
16154	1
41110	1
7661	1
54443	1
12167	1
4175	1
49475	1
16849	1
9386	1
1351	1
5589	1
37416	1
43238	1
46315	1
16833	1
9506	1
35824	1
46379	1
54725	1
55204	1
36314	1
24257	1
8713	1
31107	1
9609	1
59450	1
43099	1
7358	1
18038	1
27628	1
3727	1
7999	1
53549	1
54742	1
1167	1
2753	1
15841	1
31684	1
20441	1
21226	1
6830	1
15130	1
41528	1
45527	1
26803	1
6869	1
30372	1
14189	1
34776	1
47520	1
17263	1
26706	1
2813	1
59686	1
9432	1
41246	1
5147	1
22237	1
33976	1
8371	1
15704	1
24243	1
34412	1
48525	1
2592	1
34529	1
3903	1
2490	1
34757	1
675	1
8322	1
37336	1
32692	1
38992	1
18067	1
9752	1
19671	1
3741	1
33805	1
60629	1
53433	1
37495	1
36948	1
21415	1
10514	1
45221	1
27815	1
29817	1
17427	1
9669	1
31458	1
14348	1
19579	1
18886	1
36580	1
22067	1
9297	1
12350	1
16274	1
6941	1
55007	1
19498	1
12943	1
3724	1
35370	1
58480	1
10659	1
28727	1
38685	1
26183	1
2019	1
5422	1
17985	1
21921	1
23431	1
4378	1
1048	1
3259	1
13626	1
55433	1
17324	1
20264	1
62939	1
48875	1
28708	1
46138	1
4860	1
26941	1
42281	1
19088	1
12948	1
5525	1
26443	1
24014	1
23649	1
48891	1
41099	1
34994	1
30615	1
47788	1
22418	1
10616	1
41114	1
3445	1
27757	1
17627	1
18836	1
60769	1
46387	1
9936	1
17025	1
38979	1
54615	1
19016	1
19934	1
4372	1
12063	1
19277	1
36291	1
18539	1
9503	1
37919	1
39691	1
14085	1
56698	1
30965	1
20483	1
46627	1
34961	1
24871	1
30711	1
22327	1
45965	1
45552	1
21741	1
8622	1
51364	1
29025	1
20331	1
47147	1
19353	1
53775	1
58643	1
11593	1
7514	1
3414	1
21586	1
48279	1
61306	1
36104	1
13062	1
23466	1
17092	1
37655	1
53125	1
31876	1
4949	1
50951	1
56632	1
2243	1
7012	1
27482	1
1720	1
38064	1
11280	1
8408	1
7869	1
19820	1
26663	1
35646	1
6755	1
61621	1
54818	1
14182	1
54666	1
14819	1
12884	1
53115	1
6281	1
33204	1
26365	1
43087	1
50453	1
45851	1
18098	1
10837	1
56955	1
26729	1
4850	1
43583	1
3592	1
9268	1
8659	1
1781	1
1405	1
57763	1
23648	1
52779	1
11999	1
59816	1
3337	1
31009	1
28851	1
27551	1
3933	1
27228	1
22267	1
44460	1
26931	1
32294	1
7431	1
58179	1
17634	1
41308	1
10651	1
60979	1
61137	1
31077	1
34757	1
51914	1
12734	1
33975	1
18146	1
37783	1
34317	1
10140	1
57480	1
43979	1
3806	1
21982	1
14795	1
49254	1
31635	1
56092	1
2248	1
8139	1
35877	1
5453	1
1310	1
13104	1
30982	1
4225	1
12833	1
54845	1
25552	1
24912	1
17618	1
56345	1
36053	1
4711	1
9668	1
25259	1
37577	1
55944	1
50294	1
30811	1
11384	1
2814	1
35864	1
13660	1
48974	1
9041	1
53042	1
23312	1
22915	1
17465	1
59110	1
36261	1
31872	1
848	1
5441	1
29363	1
9006	1
57932	1
40321	1
25340	1
31764	1
48113	1
54571	1
38320	1
45849	1
1852	1
45557	1
11032	1
21301	1
29080	1
3505	1
35045	1
42915	1
52192	1
38582	1
22594	1
2192	1
10517	1
43383	1
52242	1
22612	1
43224	1
32021	1
27418	1
52043	1
20668	1
48937	1
5154	1
17622	1
18162	1
5761	1
43598	1
35324	1
53087	1
6232	1
10295	1
37049	1
1103	1
18254	1
39783	1
40479	1
11941	1
22275	1
34032	1
17696	1
28848	1
26925	1
8442	1
29029	1
33974	1
24348	1
3922	1
9366	1
27281	1
46140	1
12133	1
8817	1
46963	1
23192	1
22398	1
3817	1
33659	1
5424	1
26585	1
43145	1
17962	1
17292	1
6536	1
20109	1
31183	1
26922	1
22247	1
36888	1
29722	1
53555	1
9387	1
61008	1
5018	1
6822	1
31490	1
37743	1
34732	1
14247	1
51595	1
8895	1
19917	1
24739	1
41042	1
43693	1
13190	1
36310	1
32142	1
7676	1
57353	1
31569	1
4153	1
11201	1
31968	1
31710	1
29155	1
35852	1
41071	1
15137	1
21223	1
16683	1
41117	1
28157	1
5668	1
22470	1
37217	1
56127	1
42213	1
59804	1
45612	1
20906	1
17791	1
33303	1
13224	1
43747	1
20443	1
48686	1
10327	1
59881	1
8334	1
50202	1
36075	1
2797	1
26165	1
59995	1
41082	1
57576	1
45432	1
30249	1
34419	1
8608	1
22577	1
45114	1
34426	1
10014	1
13466	1
5625	1
2008	1
10940	1
46304	1
41536	1
17660	1
51322	1
16385	1
53762	1
29098	1
2738	1
8813	1
32679	1
25072	1
57822	1
50238	1
43796	1
6336	1
28116	1
59376	1
29692	1
42571	1
2495	1
29639	1
14649	1
49110	1
58919	1
6304	1
8576	1
2736	1
45255	1
44897	1
22819	1
32156	1
18678	1
41473	1
15323	1
20202	1
52331	1
1709	1
55250	1
47704	1
11138	1
18751	1
36588	1
30882	1
18120	1
36727	1
17306	1
14454	1
2637	1
5570	1
44827	1
19616	1
21430	1
25772	1
12693	1
6943	1
8076	1
59235	1
10706	1
16725	1
24366	1
2907	1
40483	1
62845	1
41928	1
1207	1
35988	1
6208	1
13970	1
43400	1
35179	1
4752	1
11500	1
6748	1
21547	1
7537	1
11173	1
26065	1
692	1
7362	1
32834	1
29517	1
23661	1
15986	1
35976	1
16157	1
25317	1
36855	1
18324	1
13498	1
25965	1
12033	1
30244	1
1337	1
6551	1
3920	1
9113	1
25058	1
5694	1
7504	1
29492	1
4944	1
14597	1
43751	1
31999	1
36152	1
29396	1
34801	1
1181	1
35494	1
47089	1
15992	1
20507	1
15712	1
60261	1
34110	1
32042	1
9669	1
12638	1
20093	1
25157	1
788	1
10513	1
38294	1
50782	1
21216	1
22769	1
15681	1
34327	1
623	1
48726	1
20348	1
51165	1
32433	1
7629	1
12427	1
60107	1
257	1
3515	1
31587	1
25640	1
20928	1
8969	1
12815	1
15794	1
45532	1
52672	1
14252	1
27616	1
61039	1
23051	1
24435	1
27761	1
25273	1
3589	1
8980	1
14275	1
30726	1
9035	1
4338	1
13758	1
28774	1
28660	1
14079	1
909	1
22058	1
328	1
28689	1
13381	1
16479	1
31922	1
330	1
6350	1
7629	1
60734	1
35658	1
53748	1
29018	1
22197	1
35893	1
49374	1
6389	1
36034	1
13583	1
15169	1
55399	1
24386	1
47426	1
34902	1
13250	1
11775	1
30409	1
4001	1
18889	1
28993	1
5348	1
21799	1
59597	1
19056	1
33229	1
6853	1
10397	1
9128	1
26990	1
48152	1
10309	1
11190	1
3756	1
28179	1
53903	1
37661	1
23619	1
17486	1
3558	1
437	1
38190	1
12911	1
50479	1
8432	1
37133	1
19691	1
1096	1
30735	1
59590	1
4933	1
40760	1
9875	1
40357	1
13299	1
50237	1
32945	1
48020	1
15687	1
11260	1
61416	1
2400	1
1334	1
47847	1
35394	1
12835	1
29199	1
40501	1
12791	1
27909	1
22689	1
14118	1
1626	1
22189	1
28195	1
2822	1
31190	1
17765	1
56617	1
29143	1
39214	1
56598	1
24898	1
34357	1
1041	1
2016	1
14256	1
34847	1
29028	1
9137	1
19915	1
44898	1
40470	1
26603	1
1602	1
15549	1
24903	1
46781	1
25556	1
19077	1
37265	1
29168	1
35552	1
10967	1
59533	1
16086	1
62029	1
23141	1
27717	1
42301	1
50598	1
30175	1
34214	1
3290	1
37744	1
597	1
57408	1
34699	1
3449	1
8808	1
29793	1
236	1
22860	1
58858	1
37384	1
7862	1
8366	1
23568	1
45035	1
59894	1
22824	1
5902	1
56101	1
31374	1
17274	1
14875	1
5425	1
10854	1
4274	1
51020	1
55327	1
18195	1
37091	1
7099	1
6050	1
58627	1
15037	1
7462	1
12584	1
23776	1
7896	1
13085	1
25375	1
5450	1
16922	1
26875	1
23102	1
49955	1
22937	1
62117	1
14200	1
20168	1
43748	1
39773	1
28990	1
46846	1
56247	1
6293	1
36518	1
14702	1
29985	1
63062	1
8039	1
5040	1
37379	1
14583	1
14427	1
5413	1
3403	1
56111	1
42506	1
32676	1
36056	1
25118	1
24435	1
29073	1
9964	1
28461	1
24245	1
12670	1
12885	1
24200	1
2006	1
11222	1
20075	1
56993	1
34174	1
47573	1
2687	1
5886	1
22259	1
36357	1
2382	1
52176	1
10982	1
30686	1
51129	1
58955	1
7492	1
28449	1
3258	1
5581	1
34075	1
60239	1
1738	1
15602	1
15963	1
23194	1
4148	1
28782	1
29598	1
11579	1
62036	1
4966	1
28008	1
35183	1
24385	1
59571	1
21694	1
25562	1
41782	1
42884	1
25335	1
4000	1
42006	1
14020	1
9565	1
3463	1
32062	1
14454	1
32407	1
36336	1
18275	1
17220	1
15221	1
36371	1
16472	1
5270	1
30207	1
54836	1
27396	1
62216	1
46028	1
8055	1
18210	1
24076	1
54196	1
13175	1
19440	1
16940	1
35549	1
30826	1
3105	1
25672	1
27285	1
19562	1
48953	1
13084	1
42025	1
28687	1
9437	1
30767	1
19231	1
28208	1
32048	1
48916	1
46877	1
38658	1
13602	1
5277	1
13116	1
9472	1
16213	1
41518	1
14973	1
26895	1
27712	1
20005	1
34873	1
50463	1
10477	1
33471	1
58415	1
26185	1
25918	1
9075	1
17735	1
17710	1
58531	1
32952	1
9484	1
7017	1
3188	1
24991	1
28748	1
62405	1
39098	1
37255	1
19075	1
13282	1
21688	1
30298	1
24471	1
48864	1
24822	1
43270	1
36160	1
28062	1
20116	1
30738	1
62660	1
28209	1
1840	1
20803	1
19572	1
36101	1
4442	1
42150	1
8059	1
37623	1
38041	1
11536	1
22046	1
21742	1
57921	1
16994	1
57062	1
62551	1
7019	1
57820	1
36795	1
21139	1
27109	1
34281	1
39289	1
41212	1
28575	1
25728	1
15443	1
36497	1
28393	1
61883	1
1555	1
31296	1
9096	1
29450	1
1975	1
20351	1
61759	1
47546	1
4435	1
29459	1
853	1
37343	1
4833	1
24748	1
46633	1
25675	1
37962	1
38385	1
32584	1
19377	1
15622	1
13355	1
61511	1
59208	1
12206	1
15976	1
9424	1
56240	1
6707	1
9712	1
55184	1
20043	1
60701	1
18481	1
18612	1
18944	1
20490	1
44297	1
7329	1
7246	1
24114	1
21164	1
38036	1
4578	1
11134	1
12261	1
11004	1
52204	1
19230	1
5034	1
62211	1
48218	1
7858	1
8582	1
18981	1
15554	1
51951	1
61113	1
39120	1
17129	1
37214	1
9614	1
42927	1
23171	1
49615	1
60478	1
11600	1
17485	1
12634	1
22909	1
10885	1
21538	1
14927	1
59120	1
32651	1
33134	1
32007	1
172	1
36768	1
51099	1
7675	1
20716	1
13790	1
12567	1
61546	1
33798	1
2341	1
32138	1
27282	1
11554	1
39484	1
55122	1
43561	1
39538	1
8118	1
43423	1
14447	1
27863	1
21770	1
56958	1
9973	1
28525	1
20884	1
37219	1
13885	1
48664	1
28370	1
54290	1
14887	1
20965	1
9930	1
20185	1
34160	1
17779	1
18040	1
15425	1
22	1
16836	1
7145	1
30393	1
27324	1
30788	1
38230	1
23292	1
9097	1
42538	1
33703	1
37802	1
22436	1
18682	1
1677	1
22609	1
27083	1
4097	1
33155	1
27185	1
53648	1
20832	1
5608	1
26704	1
7618	1
18915	1
38092	1
48866	1
37749	1
5733	1
31908	1
479	1
47224	1
34128	1
37956	1
50263	1
1886	1
28640	1
47526	1
18260	1
37045	1
20606	1
34843	1
19324	1
38171	1
11630	1
1456	1
6892	1
1983	1
27490	1
45815	1
46574	1
9286	1
34879	1
30865	1
32851	1
52548	1
27642	1
41830	1
42210	1
32701	1
15855	1
34077	1
269	1
2177	1
27818	1
27268	1
19331	1
24843	1
11224	1
45529	1
27043	1
52259	1
14491	1
29000	1
47577	1
47411	1
15898	1
23116	1
6102	1
4228	1
28021	1
16247	1
8037	1
777	1
51051	1
25059	1
36059	1
48357	1
23832	1
9093	1
25769	1
42	1
416	1
194	1
1175	1
18125	1
25663	1
61741	1
61521	1
44641	1
4643	1
22874	1
50886	1
20639	1
21929	1
52425	1
620	1
26832	1
15171	1
23271	1
41429	1
9288	1
15307	1
39771	1
26795	1
19659	1
24452	1
17963	1
2697	1
13665	1
34371	1
56769	1
2242	1
35033	1
57827	1
34576	1
7265	1
2076	1
41254	1
33630	1
39256	1
26946	1
15562	1
53693	1
39723	1
46969	1
16598	1
25363	1
38682	1
28838	1
44094	1
48268	1
25655	1
24233	1
40100	1
46242	1
42323	1
4975	1
23001	1
2505	1
38548	1
53507	1
7692	1
30110	1
2752	1
38591	1
16699	1
56006	1
5882	1
25573	1
12735	1
31040	1
25508	1
21549	1
46129	1
1503	1
3549	1
30705	1
34434	1
13741	1
21578	1
36488	1
9860	1
24583	1
25825	1
40756	1
5838	1
9714	1
30297	1
38537	1
16622	1
7532	1
53135	1
24448	1
10910	1
44511	1
38605	1
30355	1
25214	1
9330	1
20668	1
43900	1
12641	1
10967	1
31665	1
14399	1
31870	1
100	1
40086	1
62897	1
22107	1
10567	1
18271	1
54370	1
23052	1
30078	1
58724	1
7481	1
33177	1
16960	1
11881	1
44574	1
2258	1
22517	1
26746	1
16068	1
47689	1
31283	1
15575	1
23732	1
21654	1
465	1
50628	1
54817	1
58634	1
5536	1
6160	1
30373	1
59525	1
59741	1
25182	1
17694	1
6837	1
31533	1
36010	1
53501	1
9691	1
17722	1
7552	1
37273	1
41332	1
4109	1
60404	1
21986	1
6528	1
25526	1
39155	1
2508	1
9168	1
34283	1
36161	1
1795	1
3128	1
10259	1
21706	1
28477	1
51727	1
16134	1
40815	1
27293	1
41689	1
24478	1
32034	1
9525	1
17376	1
18238	1
3115	1
20566	1
18241	1
51299	1
31213	1
23270	1
56790	1
19130	1
55380	1
30014	1
19891	1
12300	1
23206	1
16404	1
36031	1
31654	1
27890	1
28624	1
62274	1
23875	1
57143	1
15635	1
33528	1
14686	1
35626	1
50348	1
12431	1
39767	1
10660	1
4877	1
21006	1
36520	1
13552	1
35121	1
26574	1
25987	1
1427	1
58549	1
49597	1
3433	1
34449	1
55185	1
26140	1
10373	1
470	1
22021	1
50756	1
10783	1
62349	1
12952	1
14911	1
41249	1
13277	1
6476	1
9671	1
46527	1
3765	1
30450	1
26747	1
37824	1
34237	1
9393	1
59904	1
41080	1
23033	1
62946	1
332	1
25733	1
8314	1
8039	1
3103	1
47100	1
44404	1
18880	1
30910	1
38234	1
17209	1
20823	1
46587	1
13587	1
3446	1
19485	1
24617	1
17361	1
7892	1
61784	1
17020	1
686	1
20692	1
2899	1
632	1
2718	1
668	1
23589	1
35012	1
9701	1
52103	1
49118	1
19766	1
36675	1
7332	1
43933	1
55024	1
29487	1
4156	1
20957	1
53350	1
13618	1
6949	1
31580	1
8002	1
33034	1
33678	1
55637	1
24744	1
5775	1
18192	1
17302	1
63103	1
27289	1
23140	1
43624	1
1268	1
50771	1
48918	1
26031	1
25093	1
22686	1
18191	1
7463	1
38187	1
32177	1
2400	1
5080	1
24847	1
3395	1
24337	1
38100	1
4012	1
7157	1
50508	1
55459	1
18971	1
8931	1
15696	1
36197	1
53260	1
23156	1
54760	1
21209	1
25136	1
25790	1
30023	1
49933	1
12682	1
51061	1
46485	1
31947	1
53189	1
6873	1
19359	1
54099	1
7707	1
2628	1
12190	1
33921	1
21129	1
23085	1
20230	1
40721	1
40820	1
16665	1
58335	1
5088	1
2565	1
19398	1
56861	1
39948	1
53102	1
9305	1
25610	1
54765	1
42998	1
13471	1
42829	1
3146	1
7975	1
26025	1
44325	1
20015	1
39229	1
12209	1
35272	1
39792	1
53008	1
2176	1
29	1
50397	1
45156	1
56872	1
7076	1
13385	1
27242	1
37900	1
57824	1
34859	1
10152	1
15800	1
35178	1
10631	1
34539	1
18285	1
57731	1
28298	1
53094	1
27263	1
10559	1
19035	1
51200	1
2003	1
11436	1
45667	1
6464	1
38867	1
26283	1
16349	1
40874	1
23008	1
9391	1
34924	1
46137	1
50230	1
35061	1
54096	1
44204	1
10160	1
7417	1
48076	1
20673	1
4068	1
12543	1
28715	1
6346	1
38896	1
14421	1
2660	1
33914	1
33547	1
27078	1
9937	1
50617	1
18271	1
55032	1
15248	1
57002	1
10244	1
8425	1
41539	1
50519	1
43014	1
35768	1
14280	1
24489	1
37913	1
28296	1
59374	1
49186	1
51098	1
42350	1
31502	1
62406	1
3634	1
56709	1
45021	1
1044	1
23596	1
38090	1
30606	1
50636	1
53574	1
41300	1
34989	1
8796	1
31327	1
39056	1
54417	1
23959	1
43635	1
22238	1
53692	1
40041	1
50291	1
25304	1
30364	1
20082	1
15749	1
23119	1
5419	1
9197	1
6066	1
40964	1
57813	1
31165	1
16785	1
52891	1
37874	1
37853	1
18	1
60158	1
23637	1
24265	1
7469	1
51274	1
53228	1
32528	1
39726	1
11525	1
6751	1
60459	1
14413	1
41127	1
501	1
35344	1
18754	1
18659	1
2001	1
2853	1
49008	1
33993	1
17112	1
5090	1
2644	1
53986	1
24079	1
31249	1
11342	1
24357	1
8611	1
48063	1
28404	1
14852	1
11115	1
25377	1
16823	1
48208	1
56035	1
20418	1
32415	1
19391	1
13753	1
16761	1
28618	1
57155	1
21926	1
9241	1
5035	1
4454	1
44794	1
33695	1
14591	1
18970	1
62116	1
12378	1
56424	1
17676	1
36233	1
4864	1
41807	1
8414	1
6956	1
2044	1
29093	1
51544	1
18532	1
47207	1
13819	1
8239	1
3734	1
50284	1
22347	1
33333	1
38479	1
30944	1
24058	1
24007	1
11168	1
24278	1
11174	1
41645	1
28612	1
10497	1
19772	1
33880	1
8038	1
57463	1
59846	1
13661	1
30044	1
61423	1
46223	1
7680	1
44033	1
26941	1
17408	1
17860	1
61041	1
24767	1
20248	1
18609	1
28339	1
6073	1
62582	1
24493	1
61066	1
25866	1
27514	1
37668	1
28131	1
40267	1
48853	1
11981	1
16038	1
15645	1
30192	1
19796	1
49901	1
18302	1
51116	1
6805	1
15359	1
4702	1
38467	1
48684	1
32620	1
2528	1
33625	1
9494	1
20152	1
53355	1
18297	1
10655	1
61753	1
31058	1
36433	1
43854	1
749	1
36208	1
4695	1
43294	1
49537	1
25683	1
55153	1
6050	1
19308	1
37162	1
16863	1
52194	1
62910	1
12973	1
30601	1
37667	1
21720	1
25920	1
58769	1
16428	1
3724	1
10183	1
47076	1
20474	1
59327	1
22286	1
37792	1
25918	1
7278	1
6944	1
17374	1
28976	1
37037	1
16951	1
8287	1
7408	1
27399	1
27511	1
24955	1
22845	1
14193	1
54198	1
25279	1
14001	1
575	1
42871	1
55529	1
11113	1
23373	1
36201	1
15334	1
33703	1
19454	1
2537	1
26268	1
25334	1
53048	1
18310	1
10650	1
26778	1
23519	1
3984	1
22891	1
34633	1
38391	1
25448	1
9928	1
11426	1
50656	1
52005	1
8737	1
50567	1
24402	1
6192	1
33063	1
60035	1
25101	1
60204	1
26639	1
26715	1
44657	1
7349	1
20656	1
38710	1
17356	1
61522	1
2716	1
26298	1
21724	1
21792	1
14179	1
42249	1
8902	1
5379	1
21012	1
19303	1
25862	1
41508	1
35344	1
12701	1
60554	1
53134	1
13441	1
52636	1
938	1
10583	1
62306	1
5604	1
12496	1
17839	1
7820	1
36696	1
18662	1
9041	1
17015	1
37787	1
30887	1
24815	1
45269	1
31318	1
20784	1
22431	1
928	1
36216	1
5640	1
39852	1
18742	1
26220	1
38320	1
29796	1
22530	1
18028	1
43277	1
51610	1
30307	1
14738	1
22027	1
54495	1
17908	1
45381	1
1876	1
31494	1
49862	1
18965	1
11905	1
35415	1
24297	1
58638	1
5284	1
8219	1
14016	1
61774	1
580	1
10556	1
24618	1
15453	1
7075	1
44849	1
36437	1
31733	1
12310	1
20625	1
1647	1
15295	1
19377	1
25492	1
14297	1
51961	1
25675	1
9075	1
30167	1
53515	1
61884	1
32486	1
16678	1
53983	1
7496	1
26691	1
62138	1
15658	1
8701	1
51145	1
27454	1
37994	1
46667	1
41438	1
55761	1
15227	1
36555	1
62820	1
6071	1
31356	1
23930	1
36430	1
57888	1
9307	1
56344	1
34867	1
44606	1
27841	1
53036	1
50345	1
13371	1
11687	1
42516	1
2782	1
5596	1
514	1
16713	1
60498	1
33080	1
1159	1
55541	1
16027	1
19032	1
21091	1
36568	1
28622	1
8083	1
17570	1
9541	1
28279	1
8223	1
59732	1
48305	1
36296	1
15244	1
14408	1
13821	1
623	1
25703	1
24163	1
8770	1
28063	1
3092	1
22988	1
32908	1
41663	1
41958	1
46560	1
17579	1
29646	1
36294	1
33800	1
43737	1
27119	1
2057	1
29707	1
11896	1
32529	1
25855	1
29410	1
3765	1
32057	1
33843	1
36783	1
47423	1
12094	1
28602	1
36807	1
29721	1
39968	1
16605	1
36813	1
29942	1
34706	1
31543	1
24814	1
58915	1
32073	1
4598	1
18439	1
3308	1
32610	1
2579	1
20216	1
33234	1
14400	1
29461	1
32356	1
19778	1
17055	1
45539	1
62030	1
55919	1
16516	1
20326	1
3272	1
30437	1
28769	1
46225	1
30397	1
7117	1
19968	1
5962	1
31030	1
13491	1
5220	1
48467	1
18400	1
17569	1
54586	1
17310	1
22929	1
15346	1
25721	1
28448	1
35622	1
1572	1
591	1
1869	1
50002	1
23601	1
15729	1
41780	1
30033	1
34183	1
6523	1
28344	1
36737	1
30726	1
10247	1
42632	1
2871	1
9073	1
10924	1
33312	1
25097	1
55469	1
10582	1
42654	1
23691	1
59951	1
60683	1
16945	1
56570	1
27107	1
43978	1
62152	1
3005	1
45082	1
1058	1
55277	1
22565	1
27936	1
4255	1
35358	1
25421	1
28768	1
51106	1
54972	1
56266	1
14988	1
22413	1
34518	1
54026	1
20892	1
39958	1
18938	1
5152	1
30591	1
32972	1
53836	1
9764	1
18296	1
24655	1
50719	1
58700	1
13438	1
37946	1
28100	1
23313	1
59916	1
31074	1
43269	1
19242	1
1508	1
46075	1
57509	1
12807	1
27250	1
197	1
53041	1
17669	1
8103	1
25414	1
10437	1
10716	1
22954	1
4562	1
45028	1
22540	1
17899	1
35740	1
32637	1
36366	1
6097	1
25998	1
16217	1
23869	1
29026	1
29582	1
17093	1
19461	1
19508	1
57848	1
10710	1
43527	1
11876	1
38321	1
38702	1
28653	1
644	1
20843	1
915	1
20501	1
13984	1
25645	1
60329	1
1811	1
24059	1
38731	1
2650	1
37437	1
15026	1
52139	1
34939	1
22085	1
36738	1
34935	1
19235	1
17927	1
15503	1
29794	1
2205	1
24123	1
1031	1
30799	1
26526	1
58337	1
1765	1
10414	1
51439	1
41893	1
25298	1
3143	1
18566	1
22746	1
7881	1
47148	1
23173	1
22095	1
58639	1
44920	1
37184	1
4077	1
21984	1
6354	1
19560	1
22265	1
5167	1
48321	1
21110	1
49126	1
13992	1
43617	1
26788	1
30084	1
31111	1
55239	1
18789	1
14370	1
45374	1
36312	1
7879	1
4423	1
34678	1
33034	1
23290	1
38639	1
11028	1
4878	1
2587	1
28561	1
38810	1
18340	1
31615	1
47753	1
26239	1
34550	1
58509	1
24485	1
58947	1
62438	1
6001	1
55525	1
9519	1
26199	1
37109	1
3749	1
47585	1
47563	1
30705	1
32116	1
8063	1
23219	1
1963	1
10280	1
35685	1
5322	1
12126	1
996	1
27204	1
24716	1
24732	1
42921	1
26294	1
2634	1
20131	1
56524	1
29921	1
40819	1
15082	1
27502	1
24133	1
14105	1
28759	1
59650	1
5351	1
52459	1
28200	1
22989	1
37752	1
11691	1
48203	1
13908	1
41521	1
17250	1
37157	1
7121	1
7369	1
60468	1
10614	1
13565	1
12052	1
13621	1
43420	1
41704	1
29162	1
30939	1
40022	1
1798	1
54822	1
22708	1
5999	1
2554	1
32715	1
6604	1
32484	1
17163	1
8434	1
11844	1
62271	1
10855	1
34856	1
19372	1
47745	1
59459	1
21641	1
16100	1
29200	1
33365	1
30367	1
26335	1
43990	1
23689	1
31869	1
4606	1
12882	1
32983	1
17356	1
37038	1
33728	1
17501	1
28254	1
29980	1
5313	1
22867	1
20733	1
22303	1
15444	1
49276	1
28736	1
18350	1
48908	1
52998	1
29198	1
7021	1
17211	1
11813	1
29278	1
42838	1
25039	1
18154	1
4565	1
32341	1
31101	1
41515	1
2517	1
15787	1
34979	1
3533	1
4156	1
11293	1
17208	1
39230	1
3228	1
26883	1
54847	1
9350	1
9012	1
40021	1
34318	1
12809	1
8418	1
39854	1
14784	1
38030	1
48797	1
35409	1
8067	1
45762	1
37644	1
18798	1
39605	1
24247	1
4247	1
32256	1
49223	1
45284	1
10901	1
17149	1
35334	1
5796	1
20531	1
19646	1
22093	1
5109	1
51081	1
6477	1
20626	1
3922	1
4551	1
8382	1
47242	1
9628	1
52120	1
15659	1
10503	1
11627	1
46357	1
22223	1
22216	1
25160	1
40912	1
9478	1
21774	1
1217	1
18163	1
38009	1
19972	1
21798	1
58067	1
57804	1
46984	1
46995	1
33211	1
12650	1
23332	1
50558	1
9350	1
19711	1
44249	1
15217	1
54915	1
57003	1
24965	1
7032	1
20931	1
21473	1
10549	1
2246	1
18871	1
9888	1
6969	1
21062	1
8615	1
15717	1
59506	1
38912	1
20155	1
26175	1
52164	1
23660	1
57195	1
53941	1
2493	1
14664	1
29183	1
9413	1
39158	1
23039	1
27067	1
40226	1
6966	1
28385	1
55150	1
9080	1
56838	1
1622	1
26843	1
27519	1
61126	1
29449	1
55537	1
15555	1
8653	1
12541	1
22099	1
8917	1
28030	1
31211	1
10539	1
18267	1
41537	1
21501	1
7105	1
42905	1
30993	1
42934	1
18756	1
1683	1
17869	1
5646	1
18268	1
10182	1
2005	1
42672	1
5274	1
30902	1
7330	1
3707	1
24052	1
13798	1
977	1
9463	1
51664	1
30429	1
1269	1
9362	1
29771	1
6540	1
14163	1
33200	1
8181	1
33577	1
5708	1
14153	1
53621	1
37442	1
53112	1
37699	1
24327	1
56948	1
26896	1
37757	1
47252	1
29845	1
16145	1
24741	1
20583	1
47782	1
51415	1
58641	1
58909	1
2741	1
37444	1
19800	1
49876	1
35823	1
20006	1
27283	1
19131	1
25383	1
60620	1
2050	1
28531	1
3736	1
30899	1
27084	1
28811	1
8979	1
11757	1
62605	1
12140	1
20249	1
12878	1
16620	1
10504	1
42880	1
58615	1
38886	1
17121	1
27913	1
27275	1
32580	1
46823	1
8470	1
24738	1
16124	1
14243	1
19358	1
61898	1
22528	1
14982	1
17402	1
29352	1
13993	1
10672	1
30293	1
43466	1
28840	1
40744	1
39345	1
6285	1
1608	1
25600	1
27091	1
2235	1
49267	1
1826	1
63124	1
19088	1
13599	1
16924	1
4340	1
3186	1
11910	1
28129	1
54015	1
61135	1
8018	1
7545	1
25934	1
49866	1
16595	1
27377	1
11684	1
58370	1
2972	1
27064	1
36622	1
732	1
11999	1
56841	1
7690	1
62623	1
2233	1
23299	1
16306	1
12131	1
31744	1
49240	1
13785	1
34291	1
26878	1
24393	1
776	1
29730	1
37108	1
22188	1
34253	1
34949	1
10795	1
33705	1
34407	1
35506	1
25332	1
31217	1
37345	1
55606	1
60604	1
36051	1
38446	1
2409	1
52681	1
10250	1
56685	1
35661	1
13867	1
37626	1
8620	1
32706	1
27574	1
56909	1
36205	1
44908	1
3053	1
4278	1
8749	1
35989	1
5930	1
62561	1
1092	1
37839	1
48041	1
39107	1
32276	1
10910	1
28833	1
37947	1
2815	1
22338	1
28888	1
32638	1
18036	1
55569	1
47886	1
55645	1
38498	1
27305	1
23979	1
21078	1
31842	1
43691	1
38474	1
19536	1
8096	1
30382	1
30823	1
35410	1
14131	1
11161	1
58886	1
27671	1
26557	1
16381	1
21442	1
54993	1
30209	1
2585	1
28448	1
6181	1
6591	1
52368	1
13235	1
17724	1
24481	1
18832	1
27291	1
13150	1
57681	1
28580	1
31055	1
32986	1
1206	1
4175	1
13262	1
29770	1
59313	1
22637	1
60599	1
49080	1
8609	1
49760	1
23736	1
29185	1
20399	1
18321	1
46506	1
31446	1
42502	1
37875	1
21289	1
21067	1
61310	1
3794	1
58695	1
27497	1
28331	1
25141	1
4903	1
7027	1
4914	1
32682	1
24946	1
22711	1
38795	1
40449	1
26723	1
25926	1
3284	1
61942	1
45731	1
38419	1
43220	1
19131	1
27611	1
62676	1
35334	1
2633	1
6879	1
19551	1
10457	1
53049	1
4715	1
28478	1
47872	1
30017	1
21165	1
35371	1
63126	1
4324	1
55555	1
190	1
5725	1
27012	1
25281	1
32957	1
32555	1
60909	1
31054	1
31607	1
14217	1
1567	1
36255	1
2007	1
44126	1
21875	1
21284	1
14713	1
8642	1
36742	1
29609	1
50321	1
42503	1
18955	1
36756	1
26619	1
20646	1
12577	1
15251	1
19314	1
23424	1
35455	1
32938	1
40212	1
40	1
6625	1
9521	1
9107	1
6788	1
44876	1
14891	1
19366	1
23462	1
34610	1
31515	1
52924	1
18055	1
31040	1
43222	1
23621	1
58123	1
3991	1
31450	1
41323	1
28548	1
11412	1
30712	1
56389	1
18799	1
54984	1
41268	1
46834	1
8788	1
2904	1
18630	1
9349	1
27999	1
13564	1
52392	1
47427	1
6433	1
44006	1
28341	1
25426	1
983	1
22128	1
4370	1
22049	1
49928	1
25704	1
7071	1
18382	1
12986	1
12675	1
18305	1
10357	1
24430	1
61433	1
27619	1
34592	1
2104	1
3141	1
8825	1
28599	1
62712	1
37171	1
25051	1
7255	1
25980	1
8695	1
28510	1
16050	1
23577	1
21585	1
12360	1
8162	1
14188	1
42019	1
15637	1
22744	1
22599	1
27639	1
8050	1
22600	1
35530	1
12311	1
34273	1
18443	1
20999	1
56273	1
26266	1
6334	1
44667	1
38504	1
58082	1
3740	1
39872	1
42943	1
6085	1
46385	1
42954	1
58331	1
27391	1
47059	1
46965	1
50451	1
28184	1
33190	1
44997	1
49514	1
11305	1
8596	1
19528	1
49634	1
16449	1
44539	1
1197	1
35921	1
41085	1
14845	1
13577	1
19435	1
32741	1
40003	1
27530	1
30668	1
51289	1
23485	1
15669	1
35217	1
29581	1
16172	1
3498	1
33665	1
25943	1
3344	1
37497	1
57809	1
5888	1
7132	1
8814	1
37976	1
34711	1
62602	1
12837	1
30312	1
24865	1
36875	1
6276	1
12961	1
43891	1
29786	1
60037	1
51701	1
19911	1
27374	1
19903	1
33820	1
15666	1
20805	1
16489	1
50184	1
15338	1
18027	1
4406	1
8365	1
49116	1
7423	1
10514	1
13661	1
30538	1
36179	1
27085	1
8642	1
32527	1
18612	1
11346	1
11507	1
34159	1
40738	1
26273	1
55078	1
35007	1
52023	1
37548	1
25899	1
22019	1
10936	1
14385	1
4697	1
24844	1
53414	1
4994	1
22185	1
58034	1
58395	1
10251	1
40691	1
38759	1
45942	1
12328	1
30106	1
34051	1
14623	1
4523	1
29840	1
20608	1
31444	1
7012	1
14462	1
50176	1
3539	1
26574	1
36227	1
38590	1
47812	1
14727	1
4249	1
12375	1
55303	1
13238	1
7075	1
23270	1
50440	1
36512	1
28518	1
29558	1
54662	1
54431	1
49841	1
13299	1
36396	1
34060	1
9531	1
6269	1
23536	1
10208	1
14584	1
17331	1
10317	1
54524	1
44869	1
53730	1
32830	1
24971	1
27340	1
30030	1
17235	1
45647	1
60552	1
13115	1
16116	1
5364	1
40893	1
34328	1
35258	1
8854	1
14065	1
38738	1
43320	1
3243	1
6488	1
48482	1
57551	1
6429	1
28223	1
14038	1
1059	1
54607	1
31340	1
20998	1
27732	1
26638	1
43958	1
7997	1
40040	1
7137	1
3882	1
31203	1
41362	1
18691	1
24789	1
4432	1
25287	1
14880	1
36831	1
43234	1
60578	1
8759	1
61623	1
11373	1
19469	1
149	1
51188	1
33100	1
56450	1
10169	1
22963	1
38887	1
5785	1
22404	1
16816	1
14101	1
1199	1
8089	1
30219	1
15305	1
38171	1
52208	1
58024	1
28604	1
14045	1
61755	1
54201	1
37422	1
44134	1
15158	1
27593	1
25196	1
22697	1
57729	1
37371	1
6926	1
37713	1
16894	1
2149	1
11025	1
33205	1
37750	1
43188	1
24267	1
42623	1
24632	1
4639	1
62325	1
9024	1
3548	1
31533	1
37221	1
30643	1
6424	1
49838	1
6411	1
36662	1
15290	1
33298	1
9070	1
31516	1
29509	1
14477	1
37405	1
55267	1
33844	1
12819	1
676	1
7742	1
28809	1
54922	1
2322	1
15940	1
18229	1
23729	1
43931	1
22813	1
56559	1
5452	1
3496	1
43708	1
45484	1
16440	1
43824	1
6268	1
6891	1
8194	1
8766	1
62104	1
21475	1
37595	1
23620	1
39043	1
24644	1
5186	1
52250	1
8750	1
410	1
47460	1
2705	1
7229	1
47845	1
31855	1
41975	1
47927	1
10639	1
10068	1
31460	1
12519	1
38279	1
25337	1
47226	1
12569	1
53826	1
17343	1
39397	1
29116	1
37583	1
49342	1
24868	1
7364	1
36559	1
34798	1
2675	1
32512	1
5431	1
36486	1
54058	1
12604	1
28039	1
24314	1
58021	1
11276	1
25386	1
24931	1
30653	1
53455	1
7100	1
59089	1
2066	1
38002	1
5304	1
58698	1
7993	1
50072	1
12217	1
10225	1
18726	1
25715	1
31539	1
62720	1
19362	1
14579	1
25215	1
37754	1
33630	1
12039	1
24205	1
22698	1
12492	1
57071	1
28331	1
23399	1
24795	1
1336	1
7881	1
20536	1
60593	1
52754	1
32784	1
10634	1
7817	1
37230	1
24107	1
14475	1
56255	1
18231	1
22745	1
31478	1
18829	1
28452	1
29710	1
14135	1
5877	1
28690	1
39204	1
52542	1
15547	1
29519	1
48061	1
2799	1
32393	1
35267	1
44872	1
28596	1
39360	1
28574	1
12786	1
14002	1
50820	1
47657	1
16047	1
34782	1
5199	1
51862	1
9312	1
38452	1
19006	1
31626	1
124	1
24340	1
47531	1
56206	1
4505	1
10528	1
22252	1
47051	1
45101	1
20905	1
53453	1
10628	1
9552	1
23939	1
29528	1
17505	1
55207	1
31950	1
42254	1
42185	1
28591	1
52588	1
25642	1
9600	1
11563	1
59092	1
32994	1
22094	1
20983	1
26578	1
7774	1
58537	1
11555	1
36146	1
12533	1
29473	1
31229	1
11563	1
23416	1
32229	1
12252	1
62175	1
27751	1
23380	1
41026	1
27910	1
17355	1
41176	1
13935	1
4642	1
34289	1
15522	1
2162	1
34073	1
32155	1
55813	1
26392	1
26405	1
16861	1
58176	1
32894	1
36340	1
12110	1
5238	1
31748	1
4438	1
36052	1
17886	1
9196	1
25336	1
51813	1
15994	1
5057	1
2733	1
9619	1
39176	1
52477	1
11458	1
56027	1
57695	1
12606	1
43503	1
9965	1
23653	1
42239	1
7967	1
16283	1
60409	1
37025	1
47603	1
18253	1
14817	1
12165	1
7219	1
30871	1
15734	1
30154	1
3161	1
3190	1
52291	1
31220	1
38121	1
338	1
20492	1
6946	1
5225	1
11850	1
3647	1
33617	1
7497	1
50486	1
37223	1
24302	1
17267	1
54941	1
47765	1
53446	1
16582	1
23015	1
11951	1
1074	1
29753	1
51383	1
16709	1
28082	1
5061	1
17549	1
28297	1
28950	1
35318	1
33106	1
13208	1
52371	1
21724	1
28954	1
26803	1
71	1
35775	1
4671	1
47786	1
15237	1
26689	1
43726	1
62724	1
10689	1
30346	1
48353	1
31953	1
23822	1
19724	1
24210	1
38786	1
50944	1
27784	1
11741	1
28443	1
1625	1
40966	1
48503	1
22918	1
31487	1
44594	1
22248	1
38207	1
7162	1
22462	1
28684	1
38625	1
34668	1
34265	1
16813	1
57755	1
38813	1
45840	1
53353	1
8134	1
46475	1
23925	1
29021	1
27382	1
37298	1
59592	1
43146	1
54535	1
1704	1
902	1
33383	1
16581	1
37155	1
33849	1
43401	1
22922	1
883	1
26931	1
20954	1
27316	1
54462	1
16945	1
1361	1
315	1
30736	1
18616	1
22380	1
635	1
10571	1
3377	1
6687	1
10333	1
1414	1
19753	1
28396	1
27578	1
45968	1
29150	1
53539	1
56594	1
52847	1
996	1
30995	1
31509	1
38293	1
34040	1
36824	1
6115	1
13557	1
1582	1
2694	1
16302	1
60917	1
8646	1
37569	1
46200	1
27703	1
14021	1
18942	1
2604	1
111	1
1657	1
57223	1
47582	1
8001	1
43379	1
8694	1
13486	1
25584	1
29607	1
47516	1
36942	1
12975	1
1576	1
22460	1
20995	1
29651	1
47742	1
20643	1
12715	1
2586	1
15789	1
17414	1
22445	1
31770	1
37948	1
3122	1
37167	1
24180	1
31295	1
10053	1
541	1
38543	1
57145	1
20440	1
62990	1
21181	1
56951	1
9941	1
11849	1
22764	1
24621	1
16351	1
10353	1
36995	1
28313	1
24946	1
8680	1
34889	1
18519	1
47110	1
20651	1
14706	1
40487	1
26346	1
23690	1
21207	1
30153	1
44280	1
8710	1
2055	1
16056	1
50852	1
31129	1
7545	1
42552	1
46447	1
11719	1
33329	1
9240	1
19685	1
31800	1
11626	1
32935	1
28707	1
22617	1
48620	1
4122	1
32422	1
29564	1
56848	1
32795	1
7494	1
30091	1
8925	1
31370	1
31376	1
1855	1
53241	1
23961	1
18702	1
274	1
1496	1
1123	1
34812	1
24903	1
49711	1
26497	1
36113	1
40993	1
44534	1
56637	1
964	1
4744	1
85	1
616	1
9439	1
27586	1
16729	1
3749	1
51587	1
22370	1
10013	1
34475	1
11280	1
33686	1
760	1
56168	1
47164	1
32036	1
26699	1
24190	1
26133	1
21	1
28685	1
19663	1
24982	1
3891	1
33292	1
43788	1
24808	1
19936	1
6781	1
51022	1
10998	1
54095	1
46761	1
14415	1
28546	1
22455	1
8872	1
30322	1
14331	1
29914	1
37260	1
11710	1
8075	1
2288	1
6744	1
9155	1
16280	1
8058	1
29758	1
35006	1
8776	1
26898	1
31329	1
22158	1
39136	1
30522	1
53760	1
29265	1
24678	1
22756	1
24096	1
44861	1
8974	1
40544	1
4021	1
31880	1
15689	1
29171	1
25319	1
23564	1
12909	1
38214	1
1450	1
10874	1
17815	1
29855	1
61001	1
34884	1
40089	1
57637	1
49809	1
23629	1
38717	1
18828	1
20929	1
13684	1
7405	1
22314	1
4608	1
25992	1
29177	1
56997	1
19739	1
12953	1
64	1
53661	1
21828	1
53586	1
26658	1
52153	1
34083	1
36536	1
4282	1
26186	1
13582	1
25942	1
21189	1
2761	1
13861	1
23768	1
47122	1
3578	1
27093	1
30060	1
10374	1
28512	1
40579	1
41857	1
35158	1
17450	1
26369	1
40906	1
12098	1
4096	1
28548	1
18692	1
53528	1
35649	1
40316	1
12306	1
38540	1
2254	1
41784	1
12607	1
28811	1
11427	1
53550	1
21847	1
16979	1
15374	1
7672	1
5729	1
11720	1
4888	1
9552	1
19121	1
10458	1
2198	1
49453	1
7922	1
13622	1
24902	1
2768	1
18005	1
18499	1
29744	1
36939	1
9898	1
39677	1
2595	1
46794	1
20948	1
12101	1
14695	1
45102	1
28812	1
4698	1
7804	1
33994	1
34609	1
4396	1
16200	1
14690	1
12241	1
54850	1
17227	1
1339	1
5168	1
3169	1
21899	1
24012	1
31732	1
18467	1
30067	1
1340	1
25822	1
3247	1
48035	1
26255	1
45067	1
19423	1
3679	1
301	1
4961	1
7549	1
18219	1
39231	1
9133	1
35179	1
24532	1
36817	1
44961	1
51298	1
25447	1
38474	1
26383	1
35810	1
14697	1
37516	1
28420	1
25674	1
918	1
7809	1
584	1
13429	1
51270	1
5879	1
46829	1
41831	1
14333	1
16291	1
3876	1
58696	1
32212	1
24473	1
23414	1
62744	1
51783	1
19020	1
42507	1
24216	1
1987	1
11285	1
29618	1
40590	1
24380	1
13705	1
55671	1
29292	1
3358	1
28797	1
6115	1
11821	1
50454	1
50941	1
33215	1
33884	1
37484	1
32177	1
34792	1
38578	1
20951	1
41986	1
59267	1
62010	1
3561	1
19752	1
19025	1
61027	1
18943	1
17891	1
40176	1
28434	1
32722	1
9831	1
8399	1
29703	1
9942	1
34764	1
51715	1
30931	1
38455	1
26300	1
7593	1
38664	1
58399	1
63088	1
16906	1
35823	1
55531	1
18979	1
39113	1
38091	1
23111	1
16897	1
41509	1
8007	1
1565	1
41452	1
60992	1
23859	1
42263	1
54270	1
31410	1
14140	1
10427	1
9911	1
27401	1
9625	1
20345	1
16058	1
5573	1
23517	1
17646	1
7310	1
30496	1
30667	1
9252	1
11224	1
870	1
14176	1
5477	1
27386	1
29994	1
18794	1
36627	1
57574	1
37079	1
10103	1
14372	1
24025	1
7619	1
20461	1
41822	1
32941	1
8296	1
26191	1
27052	1
15152	1
36027	1
30118	1
28271	1
25079	1
1604	1
28159	1
27966	1
29513	1
16655	1
6096	1
46281	1
29646	1
24936	1
18085	1
4058	1
20900	1
12530	1
1968	1
7945	1
61980	1
6258	1
19952	1
30256	1
24128	1
57042	1
1919	1
9068	1
12533	1
30272	1
6159	1
24093	1
35955	1
28614	1
32079	1
46887	1
28566	1
9934	1
13053	1
23633	1
30611	1
21529	1
27636	1
58110	1
60716	1
27325	1
12006	1
1095	1
15811	1
40804	1
46693	1
24631	1
28820	1
676	1
17476	1
34467	1
13731	1
27687	1
10409	1
13539	1
26653	1
39610	1
50239	1
4669	1
26279	1
47978	1
15890	1
20938	1
53236	1
15225	1
6783	1
47336	1
15028	1
3845	1
27710	1
2854	1
22222	1
21213	1
27478	1
20317	1
24323	1
37527	1
34771	1
31474	1
43729	1
7209	1
27093	1
14902	1
13228	1
14375	1
11501	1
38101	1
6184	1
36886	1
14378	1
30577	1
25209	1
2437	1
20992	1
59937	1
16422	1
29294	1
19911	1
18091	1
20619	1
30991	1
21261	1
18102	1
13849	1
46519	1
1433	1
42639	1
35281	1
17887	1
32864	1
10630	1
13673	1
6838	1
38128	1
35610	1
19810	1
12768	1
41638	1
46179	1
56972	1
4801	1
6233	1
15659	1
21784	1
20810	1
32113	1
31120	1
24293	1
35944	1
21135	1
59302	1
52846	1
2599	1
32164	1
46610	1
15611	1
20740	1
33054	1
46856	1
62829	1
16880	1
36686	1
7811	1
47419	1
7187	1
13473	1
41389	1
36543	1
29736	1
50665	1
45339	1
22687	1
55455	1
21497	1
49631	1
20362	1
50114	1
49829	1
1204	1
17415	1
11566	1
21565	1
5405	1
18301	1
7776	1
26692	1
11573	1
4057	1
19346	1
16609	1
12785	1
56957	1
8530	1
20434	1
13683	1
55437	1
40311	1
2700	1
3021	1
27880	1
9539	1
26178	1
38727	1
2363	1
6707	1
58673	1
8285	1
14984	1
25441	1
13598	1
39138	1
10145	1
42102	1
45461	1
10313	1
23781	1
25932	1
32842	1
53592	1
17666	1
18926	1
15405	1
50791	1
39598	1
3184	1
29629	1
9445	1
32463	1
24872	1
3322	1
39258	1
11811	1
40822	1
13901	1
61935	1
37558	1
32077	1
34986	1
4784	1
39167	1
59699	1
12371	1
31003	1
57088	1
9443	1
37108	1
24539	1
59674	1
14180	1
3158	1
5139	1
39271	1
14201	1
45658	1
58039	1
37683	1
7707	1
53498	1
32632	1
7603	1
52309	1
32082	1
26914	1
10388	1
26078	1
20879	1
26470	1
61737	1
7611	1
26863	1
44613	1
6718	1
19144	1
28765	1
32763	1
52655	1
20755	1
50170	1
23269	1
3687	1
23386	1
31499	1
25424	1
51008	1
23516	1
3987	1
692	1
3822	1
47613	1
4024	1
10164	1
27917	1
14831	1
23448	1
58414	1
10725	1
33691	1
51172	1
11526	1
17565	1
37177	1
20664	1
33723	1
14230	1
24266	1
55910	1
40781	1
38029	1
31898	1
21447	1
42895	1
915	1
30385	1
62351	1
27394	1
30421	1
35927	1
26947	1
36109	1
32573	1
15629	1
39858	1
37004	1
46480	1
31585	1
10675	1
55081	1
22030	1
4293	1
31485	1
9327	1
55875	1
46438	1
18939	1
7207	1
31524	1
6962	1
27854	1
36745	1
27564	1
55601	1
35691	1
39028	1
38829	1
17489	1
10856	1
41382	1
43852	1
52538	1
13309	1
4821	1
3314	1
25437	1
61620	1
21273	1
54774	1
31805	1
32823	1
10197	1
54032	1
48808	1
25464	1
12394	1
55956	1
39311	1
12529	1
38750	1
44960	1
7608	1
57619	1
39282	1
3546	1
34548	1
18948	1
14765	1
17966	1
5893	1
3775	1
41937	1
31429	1
6138	1
24451	1
270	1
26145	1
11027	1
9117	1
19162	1
4374	1
29760	1
37188	1
44916	1
1667	1
56936	1
30569	1
55478	1
27738	1
23366	1
13156	1
14749	1
182	1
24962	1
53494	1
58900	1
36134	1
30843	1
59625	1
34736	1
46640	1
19123	1
13016	1
62878	1
13517	1
44971	1
31965	1
26909	1
47696	1
58899	1
51254	1
35109	1
33858	1
46090	1
18364	1
2834	1
38548	1
52440	1
17436	1
26182	1
58188	1
7078	1
1034	1
52758	1
58296	1
14919	1
7993	1
14261	1
34990	1
38826	1
53	1
23812	1
1814	1
35063	1
44884	1
8083	1
6435	1
7311	1
1280	1
46192	1
3906	1
53025	1
33559	1
5521	1
9858	1
55680	1
30453	1
17844	1
23161	1
38792	1
46570	1
10879	1
30091	1
60920	1
2645	1
30381	1
12495	1
21326	1
62046	1
22272	1
6621	1
35566	1
55822	1
17899	1
39086	1
5352	1
20307	1
16817	1
33361	1
20779	1
9131	1
48290	1
3935	1
32537	1
38260	1
32432	1
2139	1
60038	1
50216	1
35660	1
15754	1
7482	1
4181	1
20624	1
12198	1
38013	1
37865	1
36641	1
38547	1
60457	1
50363	1
34768	1
36666	1
23586	1
51781	1
37860	1
24290	1
28940	1
36989	1
9694	1
1101	1
32384	1
61067	1
20088	1
5647	1
20288	1
11288	1
2099	1
38665	1
50965	1
17656	1
30738	1
33677	1
33662	1
18735	1
51416	1
62091	1
21653	1
57283	1
21390	1
4610	1
20101	1
43841	1
36172	1
33457	1
25634	1
26634	1
26988	1
29380	1
52357	1
27594	1
43101	1
30040	1
15010	1
33929	1
15577	1
25292	1
38846	1
25479	1
6800	1
10918	1
46112	1
3047	1
21485	1
60512	1
36223	1
32240	1
24763	1
61787	1
37589	1
2117	1
28551	1
17359	1
16339	1
21271	1
42298	1
20165	1
61321	1
22427	1
8542	1
54084	1
27617	1
35944	1
50288	1
3708	1
20243	1
5875	1
47643	1
15657	1
53463	1
41747	1
258	1
25945	1
25908	1
48999	1
55341	1
26799	1
34515	1
56978	1
33475	1
15416	1
30258	1
18463	1
31262	1
19079	1
60500	1
38326	1
22897	1
14225	1
43021	1
41926	1
48487	1
34180	1
33574	1
1728	1
29772	1
24027	1
4744	1
1828	1
7314	1
16934	1
46016	1
22846	1
2002	1
15747	1
17835	1
972	1
5691	1
26835	1
42808	1
27467	1
38360	1
23721	1
30008	1
27275	1
16809	1
22499	1
15008	1
53584	1
48161	1
50211	1
7488	1
6225	1
20564	1
32655	1
20722	1
35627	1
59330	1
62343	1
32839	1
4016	1
30459	1
36105	1
8554	1
33241	1
28736	1
18987	1
1938	1
46235	1
62606	1
35171	1
11325	1
10141	1
48998	1
2975	1
62747	1
51292	1
27758	1
51965	1
29952	1
17536	1
18851	1
26281	1
6299	1
27451	1
221	1
15291	1
18209	1
35907	1
34058	1
54726	1
29344	1
59360	1
23813	1
15254	1
25509	1
13575	1
22547	1
27665	1
43232	1
29916	1
54874	1
31700	1
37941	1
4205	1
20757	1
1835	1
35298	1
50098	1
24121	1
29966	1
16156	1
18527	1
8804	1
21113	1
26004	1
17936	1
33919	1
22892	1
4269	1
11912	1
10198	1
62208	1
589	1
60380	1
28985	1
9385	1
24331	1
40952	1
52799	1
15620	1
34411	1
33166	1
58472	1
2024	1
57515	1
51506	1
24082	1
40288	1
58632	1
9526	1
53580	1
37348	1
34201	1
22299	1
27053	1
21763	1
7568	1
49565	1
17865	1
23611	1
822	1
33370	1
8702	1
45356	1
36827	1
9364	1
34681	1
19807	1
2224	1
12733	1
21603	1
10773	1
41534	1
10846	1
29123	1
52571	1
57478	1
45513	1
55623	1
43680	1
49226	1
31795	1
36437	1
2293	1
31950	1
33415	1
42318	1
2865	1
7331	1
19834	1
30555	1
51015	1
14150	1
13275	1
3661	1
42848	1
49971	1
31707	1
7452	1
62070	1
25824	1
2986	1
608	1
32223	1
23922	1
38380	1
12348	1
21038	1
8229	1
54920	1
16689	1
45000	1
9692	1
21955	1
3630	1
35016	1
62136	1
11588	1
38146	1
11907	1
14941	1
34546	1
34267	1
35772	1
62284	1
32331	1
5028	1
6364	1
27596	1
14219	1
22916	1
12039	1
59917	1
51720	1
20535	1
59922	1
6820	1
56665	1
38365	1
1978	1
32769	1
52480	1
26682	1
50900	1
59566	1
29510	1
39801	1
2441	1
44071	1
10106	1
59239	1
21907	1
46467	1
19378	1
18009	1
29915	1
4380	1
26924	1
43509	1
18330	1
4531	1
54896	1
31127	1
20430	1
28785	1
17607	1
14561	1
19027	1
52174	1
