50033	0
35564	1
28175	0
34495	1
26413	0
26938	0
6596	0
3844	1
37088	1
14919	0
40527	0
32966	0
12493	0
57299	0
61827	0
3330	0
48412	1
50137	1
59219	1
25081	0
11255	1
33781	1
34145	0
55117	0
37752	0
35120	1
26022	0
60071	1
61292	0
41630	0
37919	1
55477	0
86	0
57191	1
2348	1
41570	1
5148	0
44480	0
50531	0
38599	0
33106	1
41009	0
47106	1
19593	1
22836	0
60390	0
44595	1
26233	1
29465	1
29935	1
59511	1
35587	0
39626	1
18909	0
17170	1
17689	0
58918	0
25524	0
43919	0
27701	0
30920	1
44233	1
28870	1
35620	1
30749	0
17286	0
30921	1
56413	0
53005	1
5931	1
20810	1
55206	1
2049	0
35668	0
29020	0
14612	0
17929	0
53323	1
34350	1
28504	1
33273	0
4983	0
6934	1
59097	0
20116	1
34571	0
17364	1
7709	0
25761	1
1833	0
24997	1
40192	1
21311	0
46643	0
1211	0
15153	0
187	0
27041	0
32698	0
14927	0
6632	0
40197	1
59680	1
9095	1
26247	0
60813	1
8196	0
61401	1
35925	0
10322	0
49187	0
25316	0
18992	1
20466	0
37067	1
51977	0
28827	0
30039	0
4149	1
15957	0
17776	0
8745	1
32000	1
26629	0
26753	1
28772	1
17367	1
31659	0
55276	0
39225	1
12327	0
9424	0
34491	0
26214	0
9341	1
45438	1
30592	0
1942	0
12345	1
37220	0
21031	1
41418	0
29215	0
17166	0
16054	0
2618	0
11617	1
15178	0
37629	1
9310	0
47883	1
12941	0
54394	0
680	0
4054	0
26779	1
20394	0
60254	0
39331	1
31681	1
51774	0
47398	0
4662	1
26813	1
54131	1
14804	1
29541	0
23405	1
24354	0
54932	1
55141	1
5652	0
25455	0
5120	0
21062	1
63012	0
36643	1
18218	0
2682	0
534	0
4378	0
23016	0
11736	1
33225	0
55427	1
30437	0
61559	0
36440	0
1764	0
11424	0
6203	0
60590	1
36493	0
11756	1
18154	0
43460	1
34167	0
40698	0
9337	1
34166	1
47595	0
37361	0
44385	0
6655	1
32316	1
33705	0
12057	1
38144	0
15153	0
1297	0
34711	1
18562	1
20586	0
56444	0
30319	0
39761	0
15085	0
47705	1
33890	0
1800	1
4305	1
49220	0
13882	0
59330	1
48903	1
9656	1
7062	0
30609	1
25103	1
47631	0
9406	0
21205	0
36587	0
50100	1
17972	0
25194	0
37846	1
22964	1
12186	1
25793	0
60351	0
31904	0
40	0
2440	0
60638	0
50330	0
61979	0
8415	1
25584	0
16094	0
15840	1
57461	1
920	0
25959	1
49096	1
15705	1
35889	0
30323	0
22967	1
16701	1
30104	1
20795	0
47555	0
10135	1
5897	0
6944	1
7157	0
21404	1
7966	0
1828	0
50323	1
8290	0
13798	1
37706	1
42117	0
14127	0
14681	1
57970	0
33784	0
10422	1
26539	1
60839	1
898	1
8967	0
47914	1
32472	0
19380	1
10008	0
56782	0
7944	0
734	0
32399	0
28301	1
15317	1
42662	1
35211	1
15143	0
25640	0
6300	0
10795	0
7424	1
33341	0
30912	1
21166	1
33989	0
45769	1
59486	1
4667	0
22756	0
55096	1
9489	1
26834	1
2747	1
42357	0
21178	0
51284	0
638	1
19961	0
59155	0
7945	1
42036	1
30654	0
22259	0
35999	0
3786	0
26686	1
9988	1
18012	1
21033	0
9287	1
35431	0
31924	0
33425	0
4575	1
7802	1
58259	0
43750	1
51699	0
35405	0
48841	0
31699	0
7696	1
5495	0
28813	0
36273	0
61425	0
29186	0
22462	0
475	1
35264	0
7711	0
6920	1
2301	0
31667	1
61240	1
56549	1
2656	1
36631	0
13099	0
7502	0
23009	1
840	0
8298	1
39725	0
30193	0
55989	0
30161	0
60904	0
21108	0
7447	1
24458	1
362	0
43430	0
53342	0
19433	0
17105	0
24865	0
30081	0
48361	1
39141	0
40734	0
32661	0
13711	1
23200	0
8740	1
2260	1
10742	0
22741	1
17154	1
27590	0
8871	0
12024	0
37525	0
371	0
25462	0
8322	0
26226	0
17265	0
56244	0
16029	0
12312	1
36443	0
7841	1
1195	0
14572	1
7936	0
353	1
48677	0
34299	0
37032	0
25051	0
39951	1
39206	0
36952	0
12793	0
36473	0
15288	0
979	1
15190	0
19154	0
35200	1
29546	1
2633	1
35799	1
46880	1
36247	0
2586	1
3873	0
10480	1
31083	0
9471	0
24816	1
29582	0
13827	0
36093	0
33098	0
59954	1
10447	1
41188	1
28830	1
52196	1
6905	0
35412	0
18554	0
7826	0
15665	0
37294	1
10149	1
1699	0
19688	1
27554	1
54341	0
22851	0
528	1
4150	1
24640	1
25772	0
35898	0
8339	1
22015	1
62276	1
38830	0
31276	1
11320	1
30254	0
1065	0
18919	0
37456	1
17817	0
26363	0
50110	1
11455	1
16954	1
34500	1
2904	1
5326	0
51197	0
29305	0
32070	1
62390	0
55344	0
36853	1
7240	0
60405	1
454	0
1573	1
29738	0
58985	1
50825	0
11499	0
50412	0
961	1
30063	0
24675	0
30573	1
1959	0
52922	1
60861	0
1532	0
7046	0
49010	0
33452	1
34101	1
9413	1
28217	0
26562	0
39996	0
21083	0
26992	0
17144	0
29831	0
37738	0
13631	1
2857	0
45373	1
12100	0
23816	1
2137	1
56090	0
11502	0
22000	0
36665	1
49675	1
2953	1
38440	0
41840	0
23298	0
45760	0
5454	0
62703	0
24510	1
57564	1
24921	1
5403	1
22779	1
15120	0
8267	0
10860	1
10975	0
37037	1
40724	0
36735	1
60761	0
23793	0
2015	1
31757	0
16938	0
4999	1
29756	0
24671	1
39185	0
9063	0
58956	1
25106	1
5475	1
51672	1
48814	1
34130	1
4778	0
22170	0
8104	1
57617	1
19507	1
14407	0
6143	1
11680	0
1321	0
3405	0
39354	1
14876	0
1787	1
366	1
42031	0
47688	1
18470	1
38712	1
62400	0
804	0
15630	1
54315	0
16716	0
55191	0
32627	0
11263	1
21696	0
33238	0
22782	0
34949	1
10077	1
10080	1
20162	0
60009	1
34423	1
33728	0
62250	1
25625	1
6897	0
45515	0
24511	1
17745	0
32534	0
62042	1
16802	0
40619	1
49111	1
16739	1
38388	1
25490	1
14821	0
26046	1
14800	1
47944	0
146	1
151	0
33291	1
30247	1
20463	0
6220	0
60599	0
7404	1
31317	1
33953	1
24883	0
23379	0
31880	0
5291	1
19553	0
26299	0
28013	0
1498	0
19478	1
782	0
16905	0
12459	1
42945	1
36741	0
44331	0
37957	0
16801	1
1266	0
8504	0
2761	0
10825	0
19913	1
40290	0
55496	1
27829	1
61661	1
32167	0
37239	0
17884	0
3874	1
2780	1
2550	1
54416	1
22681	1
9594	1
8942	1
8720	1
29259	1
27097	1
3238	0
58445	1
16975	1
14424	0
39540	0
15083	1
15199	1
10634	0
17291	1
63009	0
28869	0
36179	1
7061	1
32279	0
47209	0
29680	1
24946	1
5401	0
25437	1
34297	0
24377	1
13082	1
33658	0
22699	1
55960	0
23119	0
42619	1
38157	1
21020	0
1280	1
24591	0
20859	0
32645	0
11300	1
27130	0
29402	1
4614	1
36677	0
14798	0
56911	1
59584	0
36391	1
3619	0
59423	1
7518	0
50470	1
7764	1
25388	0
4536	0
58208	0
17689	0
51804	0
35465	0
27097	1
16710	0
14899	1
7704	1
32580	0
19749	0
47449	0
47534	1
49020	1
16605	0
10355	0
35065	0
9075	0
22370	0
31405	0
49231	0
3170	1
15251	0
24148	1
25003	1
4991	1
32079	0
49383	1
7871	0
5298	1
37082	0
18083	1
23252	0
26061	1
9405	1
36703	1
18649	1
6006	0
37648	1
15832	0
53382	0
9513	0
8733	0
12646	1
62455	0
30024	1
28034	0
16709	0
18509	0
3153	1
7617	0
25604	0
25456	1
3691	1
45471	1
12384	0
21351	1
63006	0
4279	1
39916	1
10284	1
21490	1
5446	0
5363	1
22442	1
4690	0
44123	0
22899	1
3194	1
56658	1
20560	1
23811	0
35917	0
24981	0
14476	0
43564	0
28439	1
39228	0
10647	0
38569	0
7325	1
1348	0
20916	0
20075	1
33093	0
25040	0
60532	1
42788	1
21405	0
9730	0
47159	0
63050	1
56417	0
34033	0
11374	0
19108	1
41631	1
30808	0
6332	0
23356	1
10724	0
58104	0
60037	1
8129	0
28815	0
25876	0
39871	0
6148	0
16300	0
2053	0
12288	1
37501	1
55773	1
30613	0
1832	0
29257	1
14379	0
12868	0
46439	0
1660	0
36112	0
44227	0
48581	1
31884	1
4853	1
8312	1
26705	1
32029	0
23563	0
57108	0
19600	0
33775	0
7825	0
56092	0
50938	1
38832	0
3686	0
7085	0
3423	0
16480	1
36392	1
53831	0
2796	1
20865	1
54356	1
31370	0
17503	1
35093	0
16024	0
16311	1
10664	0
27821	1
50885	1
21899	1
1506	1
3678	1
16223	1
31597	0
1789	0
4218	1
18126	1
18968	0
45959	0
52315	1
1364	1
33675	0
9383	0
23957	1
29083	1
1353	1
31962	0
8337	0
43444	1
25221	0
9979	0
29211	1
24066	0
63053	1
55275	1
18020	0
53271	1
26590	0
6745	0
27937	0
27805	1
35498	0
19846	0
38896	0
3813	1
3655	0
43911	1
3045	0
2287	1
36161	0
53253	0
11762	0
52029	1
62193	1
56207	0
29835	0
18823	0
3202	0
4618	0
61922	1
3518	0
60546	0
19869	0
1075	1
33204	1
3460	0
9981	0
12253	0
7366	1
30855	0
43531	1
15607	0
4064	0
57610	1
15372	0
6422	1
61244	0
25035	0
1186	0
62998	0
26231	0
62413	0
13097	0
49346	0
54589	0
4964	0
23790	1
13740	1
13072	1
35117	1
10382	0
22246	1
1961	0
17418	0
18896	0
38365	0
36937	0
6150	1
5460	0
33047	1
37559	0
32406	0
24615	1
9883	0
26647	0
39163	1
42550	1
17643	1
9652	0
451	0
9312	0
21736	1
18591	0
32379	0
2168	1
22274	1
4698	0
33506	0
23941	0
13936	0
29905	1
10245	0
22506	1
33905	1
4968	1
31271	0
10974	0
51044	0
62155	0
38223	1
61580	0
55223	1
5780	0
21182	0
54406	1
17785	1
3769	0
20449	1
56089	1
4716	1
60888	1
29451	1
8901	1
49138	1
51129	1
16926	1
17870	1
45217	1
43142	1
38415	1
40621	0
37455	0
47228	0
29297	1
20495	0
6000	0
11204	1
20318	1
38244	0
25216	0
33738	1
39754	0
13371	1
50645	0
49490	0
5297	1
53297	1
17634	0
26670	0
25459	1
6297	0
12777	0
25108	0
38249	1
7595	1
40346	0
15354	0
2065	1
37203	0
22614	0
3356	0
7277	1
25447	0
24194	0
45344	0
53815	0
9216	1
55948	0
37335	1
56016	1
48921	0
3140	1
47161	1
50418	0
4443	0
5521	1
51465	0
24672	1
15953	0
44571	0
23649	0
18026	1
17293	1
18102	1
23630	0
1513	1
1311	1
17579	1
10145	0
46248	0
20768	0
23061	1
18050	0
38572	0
997	0
14586	0
35133	0
59641	0
14619	0
10916	1
32410	0
46961	0
16209	1
84	0
47695	1
8981	1
24627	0
13482	0
32696	1
8525	1
17962	1
39240	0
34567	0
2457	0
10932	0
3748	0
9035	0
28641	0
31382	1
51769	0
23827	1
35346	0
20443	1
28221	1
50319	0
31755	0
8237	1
37814	0
17077	0
20971	0
33053	0
18196	0
61229	1
23547	0
36482	1
27561	0
15948	0
35473	0
58779	0
51474	1
23581	1
25854	1
13250	1
30442	1
17017	1
28763	0
54251	1
33225	1
17824	0
24214	0
28693	0
32817	0
25674	0
23857	1
60633	0
54814	0
36965	0
7553	1
12910	0
33014	0
12132	0
4033	0
38690	0
22358	0
2493	1
9054	1
14387	1
22844	0
18457	0
9844	1
8726	0
25821	1
7307	0
123	0
48173	0
20574	0
30436	1
14207	0
62114	0
57328	0
48030	1
26543	1
8611	1
21194	0
37308	0
41945	0
9202	1
29288	0
761	1
37964	0
11843	0
28643	0
3585	1
14951	0
7909	0
34801	0
53409	0
26733	0
14213	0
15866	0
35028	0
4416	0
3832	1
54957	1
32578	0
8098	1
23039	1
28175	1
55380	0
20430	1
4593	0
11754	1
22266	0
23980	1
13892	1
23702	1
7837	0
40432	0
30153	0
31560	0
20827	0
24281	0
19032	1
22867	1
46395	0
38416	0
34126	1
48387	0
40964	1
22684	0
4762	1
54116	0
56306	0
31286	1
3310	1
29898	0
8397	0
31397	0
6875	1
46471	1
40983	1
13579	0
25378	0
39539	0
18710	1
32608	0
18586	1
53673	0
42692	1
12840	1
36019	0
3413	1
31503	1
37786	1
41682	0
27741	1
36107	1
57831	1
53103	1
29142	0
25679	1
61422	0
53852	0
30405	1
41867	0
55265	0
38918	1
43944	0
21782	0
36997	1
28433	0
11681	1
6090	0
22498	1
13945	0
459	1
11201	0
25676	0
46331	0
10188	0
18519	1
34047	0
10495	0
55098	1
24331	0
51409	0
7751	0
49919	0
28163	1
25744	0
48485	1
42739	0
45707	0
9089	1
26239	0
15067	1
4192	0
28378	1
14193	1
36076	0
11923	0
8251	0
18833	1
24801	0
24815	0
27830	1
1153	1
21810	1
50507	0
27525	0
58028	0
48249	0
45667	1
5254	1
25144	0
44554	0
4645	0
57374	1
25890	0
20672	1
2916	1
57334	1
31828	1
3305	1
22630	0
12479	1
49234	0
21750	1
42771	0
48575	0
18000	1
37858	1
59057	1
15659	1
26520	0
17029	1
16252	0
19094	0
15389	0
50099	1
36522	1
44049	0
8965	1
24081	1
20084	0
20947	1
37178	1
15458	1
11646	0
57384	0
5236	1
19412	1
15285	0
32840	0
24544	0
5201	0
10214	1
10741	1
20497	1
24136	0
27586	0
913	1
18016	1
21955	0
38098	0
26659	1
37741	1
12932	0
27360	0
10759	1
24620	1
18645	0
2366	0
26109	0
5204	0
8960	0
31854	1
7126	0
29430	0
23206	0
37773	1
6044	0
57820	0
54516	1
948	1
8308	0
12204	0
15024	0
27005	1
56699	0
4485	0
50213	1
37697	0
32036	0
14766	1
43593	0
2017	0
52309	0
35016	1
44496	0
27844	0
33383	1
26636	1
25293	1
29591	0
16588	1
37376	0
46920	0
50635	0
43708	0
56807	1
54079	1
34756	0
59076	0
14111	0
45775	1
21643	1
58756	0
28408	1
41577	1
9816	0
15488	0
11746	0
32309	0
47676	1
23975	1
522	0
51484	1
28910	0
29143	1
35485	1
37599	1
18106	0
24334	0
12186	1
10707	0
10395	1
36169	0
50964	0
6054	1
33602	1
37904	0
4095	0
60027	1
3134	0
23154	1
35996	0
27021	0
54972	1
18998	0
52875	1
47807	0
14970	1
15489	0
17962	1
12045	0
34593	0
56059	0
19123	0
44196	0
49422	1
8301	0
7920	0
3462	1
25138	0
35314	1
33191	1
3357	0
16458	0
13514	0
3367	1
50818	1
18761	1
6837	0
12612	1
57969	0
62596	0
12617	0
6108	1
11456	0
56502	0
40360	1
49547	0
4208	0
28623	1
51649	0
30711	0
40661	1
48957	1
38848	0
29555	0
26627	0
22290	1
34977	0
21448	1
49636	0
32424	0
8478	1
46533	0
27665	0
6478	1
3366	1
4886	1
15378	0
3148	0
25317	0
1483	0
46886	0
22431	1
26389	0
7479	1
20803	0
60269	0
21606	0
32947	0
46903	0
61181	1
6105	0
55251	1
35082	0
13131	1
56755	1
33924	0
43743	0
30987	1
29745	1
6386	1
8227	1
53085	0
61476	0
56333	0
11465	1
24029	0
63075	1
26632	0
31665	0
46915	1
38470	0
38714	0
30955	1
18149	0
35338	0
5706	1
17634	0
47803	0
53286	1
53301	1
21922	0
34971	0
34870	0
1908	0
14815	0
62961	0
24028	0
20789	0
10699	1
14760	0
14202	1
56499	0
46754	1
39217	1
22256	0
9740	0
12683	1
58777	0
6240	0
33997	0
56904	0
16783	1
7903	1
8151	0
25296	0
25581	0
13993	0
28271	0
37778	1
26174	0
20528	1
43739	1
47808	0
24177	1
40251	1
12811	0
20562	1
15162	1
13656	0
46751	0
25641	0
8630	0
28810	0
55334	0
56992	1
27208	1
28550	1
18783	1
25340	1
29695	1
45421	1
17960	1
18321	0
63001	0
38793	1
10100	0
27542	0
8539	0
6907	1
46080	0
30464	1
55351	0
31220	1
16434	1
50511	0
19877	1
25599	0
48952	1
22788	0
36116	0
30691	0
31032	0
23653	1
13508	1
4020	1
30732	0
32317	1
37235	0
23059	0
38807	1
9020	0
55984	0
58933	0
60525	0
8142	1
39964	1
10891	0
62314	0
1433	1
38859	1
3051	1
43924	0
28333	0
44828	1
61404	1
56650	1
4674	1
39460	0
38272	0
22629	1
21921	0
14461	0
23565	0
51248	0
14553	0
15854	0
32769	0
6219	0
20232	0
27986	0
50710	0
436	0
13956	1
18504	0
41387	1
12285	0
24284	1
12260	0
21403	1
36976	0
36040	1
31396	1
50922	1
38902	1
32954	1
4105	0
26712	1
21146	0
27808	1
2056	0
60403	1
42176	0
32192	0
13075	0
38673	1
8773	1
24548	1
27951	0
31528	0
58689	0
1938	1
38155	1
14790	1
62285	1
51389	0
28178	0
35117	0
3258	0
56152	1
34503	0
50138	0
60518	0
25098	0
60886	0
4574	1
25892	0
37248	0
32183	0
60944	0
40351	1
506	0
20952	1
37876	1
15742	1
24208	0
25874	1
32253	0
29658	1
29496	1
26176	0
9624	0
5470	1
61842	1
2374	0
7351	0
6282	1
60606	0
15763	1
60767	1
17558	0
22109	1
36541	0
13817	1
18668	1
8195	1
15232	0
55605	0
48040	1
60854	1
47143	1
27363	0
11620	0
27326	0
30113	1
15685	0
30489	0
22765	1
11567	0
59133	0
41152	1
47955	0
45568	0
13203	0
12823	0
17543	0
49970	1
54393	0
6959	0
21344	1
5594	0
33107	0
18542	1
27584	1
18881	1
20289	1
35928	0
37358	1
49561	0
1507	0
19056	0
17660	0
14111	0
2776	0
10694	1
13232	0
23152	0
39394	1
34171	0
330	1
8646	1
36722	0
44569	1
25119	0
14114	0
18528	1
37603	1
25589	0
32044	1
44582	0
1704	0
12822	0
8479	0
36963	1
17356	1
61783	0
32926	0
57126	1
29431	0
17708	0
60619	0
24116	0
22862	1
13395	1
28025	0
28735	1
56366	0
14777	0
5172	0
26818	1
4353	1
31124	0
52645	1
15950	0
23654	1
38285	1
6480	0
24159	1
49230	1
25086	1
11832	0
8633	1
10018	1
2539	1
24492	1
29047	1
10686	1
26473	0
20346	0
47095	0
23962	1
25882	0
53438	0
44869	0
8923	0
31077	0
17466	0
43488	1
4304	0
7342	0
44722	1
7085	0
55703	0
27738	1
11675	0
19084	1
51502	1
34063	0
49537	1
21673	0
32133	1
14631	1
8526	1
13799	0
33706	1
32408	0
33719	1
18495	1
20950	0
29571	0
50042	0
1248	0
23648	0
35017	1
41675	1
9428	0
35353	0
20580	0
12412	0
32913	1
2793	1
18707	0
15676	0
22889	1
23863	1
31619	1
29554	1
56844	1
47492	0
60344	1
3545	1
12710	0
25637	0
3417	1
29014	0
4923	0
4336	1
62329	0
12576	1
55476	0
57056	1
29452	1
29904	0
18043	1
14198	0
54151	0
28683	0
5999	0
20684	0
19122	1
8268	1
12614	1
15684	1
30440	0
20575	0
30492	0
18184	1
7147	0
44990	1
3384	1
52085	1
15959	1
57322	0
19790	1
4477	1
7265	1
58379	0
59165	1
4621	1
27349	0
26177	0
15197	1
27473	0
11011	1
60508	0
32562	1
43731	1
57173	1
35116	1
45733	0
20988	0
21411	1
63066	0
7608	1
14939	0
35975	0
42558	0
24411	1
39781	1
24838	0
37189	0
4031	0
24071	0
2036	0
39274	1
16295	1
11818	0
18640	0
60695	0
52072	1
41425	0
31768	0
17273	1
35736	0
13991	1
39086	1
27163	1
26084	1
58261	0
29815	0
4490	1
33696	1
17859	1
47934	1
13855	1
10561	0
25565	0
11759	1
21672	1
7541	1
29490	0
26707	0
29403	1
6098	1
43854	0
20216	1
23096	0
3468	0
8612	1
1037	1
18741	0
29676	0
32746	1
2006	0
30759	0
17223	0
2866	0
32888	1
31250	0
17900	1
29635	0
48698	0
48559	1
38354	1
15477	1
13235	0
19796	1
5840	0
52889	1
30813	1
33033	0
7649	1
38062	0
39896	0
2130	0
59062	0
12042	1
14936	1
59565	1
37558	1
38259	0
38487	1
25995	1
29728	1
26047	0
6251	1
600	0
38728	0
60297	1
25883	1
26050	0
42917	0
24763	1
32878	0
20488	1
3770	0
2346	1
2658	1
21850	0
34310	1
58558	1
3163	0
25837	1
18695	1
9652	1
2675	0
20632	0
37904	0
32699	1
21012	0
1661	1
12203	0
41050	1
35295	1
38032	1
36615	1
55839	1
4271	0
12998	1
3717	0
33708	1
7156	0
29254	1
36448	0
42736	0
38755	1
8359	0
60059	0
43233	1
10455	0
12774	1
27635	1
47512	1
859	0
29144	1
18630	1
3252	0
17334	0
16576	1
9606	0
47909	0
34006	0
48539	1
16406	0
43876	0
38752	1
56649	0
21895	0
24433	0
35399	0
28930	1
25458	0
1220	0
14053	1
44235	0
4779	1
20157	1
57026	0
7471	0
23169	1
57674	0
47724	1
24037	1
3706	1
28668	0
21787	0
60736	0
11133	1
40854	1
6281	0
3428	1
54441	1
56795	1
2568	1
42731	0
47489	0
7576	0
41729	0
1891	1
42942	1
15192	1
18946	1
15084	0
44117	1
46616	0
49107	0
16837	0
8177	0
8422	1
14875	0
22331	0
17260	0
32184	1
31714	1
9125	0
6316	1
16557	0
17001	0
56265	1
9044	0
28344	0
44363	0
9195	0
38971	1
19703	1
8747	0
40515	0
28837	1
42364	1
40088	1
35544	0
6391	0
7080	0
41623	1
37279	0
51762	0
54723	0
35315	0
24903	0
22106	0
40464	1
21499	0
27960	0
15492	1
18096	0
27686	1
10543	1
34168	1
7985	0
21342	1
28269	1
48393	0
25082	0
25548	1
270	0
13150	0
10679	0
14024	1
1558	1
28424	0
31002	1
7930	0
25894	0
5322	1
24076	0
16476	0
62718	0
31120	1
10956	0
53865	1
19406	0
35477	0
10734	1
10386	0
28933	0
9931	1
44155	1
5086	1
13131	0
33925	1
31240	0
20774	0
4487	0
1351	0
8493	1
32464	1
34949	0
54968	1
34428	0
51597	0
14140	0
36352	0
25273	1
29062	0
51138	1
18673	0
62369	0
10722	0
33855	0
3702	1
50536	1
2052	1
30106	0
10097	0
34450	0
32383	1
37743	0
34371	1
21812	1
307	0
24297	0
32438	0
18561	0
29283	1
11578	0
53165	0
54136	0
5137	0
19295	0
15570	0
23955	0
31519	0
36259	0
27225	1
47645	0
11780	0
28406	1
38766	0
261	1
53084	0
15503	0
60949	1
31163	1
59555	0
27392	1
2544	0
4390	0
32628	0
61352	0
25213	1
20088	1
35536	0
3712	1
36367	1
33764	0
24716	1
33979	1
46457	0
44557	0
37041	0
63031	0
13718	0
4224	1
58863	1
24147	1
18764	0
26179	1
40072	0
6650	0
41991	0
32748	1
15944	0
8646	1
20297	1
35398	0
37338	0
48710	1
37073	0
13695	1
30385	1
13632	1
16602	1
17621	0
39155	0
32885	0
17213	0
20236	0
33726	1
1683	0
6533	0
27394	1
9676	1
36148	0
34656	0
53162	0
26883	0
9472	0
17822	1
1874	0
16492	1
34844	0
22827	1
34989	0
1234	0
39490	0
23400	0
44090	1
19360	1
62402	1
23547	0
21289	1
16417	1
31915	1
41720	1
976	0
33895	0
36185	0
13201	0
27659	0
45976	0
7081	1
25601	1
24308	0
24992	1
36029	1
55567	1
3892	1
53544	0
6932	0
42081	1
38149	0
35198	0
25558	0
27759	1
50852	0
12506	0
20737	0
5525	0
57397	0
38631	0
52594	0
19025	0
57537	1
20479	1
47660	0
8398	1
30196	0
34327	0
39771	0
32946	0
55146	1
18896	1
36365	0
51638	1
44631	1
13148	1
31321	1
13247	0
36760	1
38784	0
26439	1
16325	0
41348	0
43859	1
27226	0
56667	0
34365	1
7101	0
39559	0
14042	0
40880	1
11800	0
41432	1
55164	1
12259	1
38887	0
35614	1
34156	0
6431	0
34601	0
53429	1
7547	1
6876	0
38463	1
49374	0
21562	0
42931	1
10230	1
29961	1
1849	0
32032	0
36406	0
20784	1
27590	0
5167	1
38362	1
29827	0
39940	1
13043	0
18334	1
9112	0
7182	0
38584	0
5087	1
29788	0
18044	1
58903	0
20220	0
42181	0
6525	0
44189	0
22448	0
190	0
37261	1
35020	0
63105	1
2081	0
3845	0
7883	1
17939	0
32372	1
42466	0
22736	0
54601	0
48172	1
4993	1
31639	0
15358	0
44112	1
25733	0
54271	1
14241	0
52703	0
33086	0
4171	1
44592	0
58037	1
53128	0
29722	0
27049	0
18875	1
6449	0
51860	1
11855	1
44627	0
12977	0
33751	0
26033	0
45809	0
3958	1
8673	1
22048	1
6215	0
29858	1
24385	0
20704	1
14082	0
59137	0
15064	1
3310	0
19239	0
6307	1
39	0
34137	1
52236	0
8863	1
49895	1
14210	1
51933	1
2382	1
24438	1
57992	0
27074	1
36374	1
22772	0
37114	0
9748	0
2187	0
8253	0
44180	0
23729	0
50567	1
9818	0
10080	1
27934	1
16473	0
28536	0
36687	0
23336	1
45921	0
55128	1
22842	0
6339	0
31481	0
1768	0
8960	0
15309	0
15544	1
15899	0
17692	0
16734	0
3424	0
23263	1
25131	1
3636	0
60817	0
25083	0
10150	1
62846	0
26048	0
33686	0
9536	1
10177	1
15167	0
22742	0
19250	0
21072	0
33011	0
4931	1
36755	1
17569	0
8754	1
46601	0
15840	1
4854	0
52162	0
33117	0
13119	1
25822	0
60177	0
34944	1
27006	1
29258	0
470	1
7722	1
49283	1
9692	1
21537	1
15839	1
5279	1
25666	0
32510	0
31647	0
5273	0
8197	0
48720	0
4088	0
29415	0
18172	1
5853	1
36188	0
8994	1
3507	1
15026	1
6262	1
47441	0
2646	1
27023	0
24378	0
62885	0
37344	1
32867	0
17011	0
59034	1
19980	1
56395	0
31605	0
4597	0
4781	0
29485	0
23148	0
22918	1
6435	1
7421	0
33941	1
4669	1
1985	1
4286	0
38039	0
37942	0
386	0
29353	0
17557	1
50372	1
25243	0
62270	0
9690	0
28871	0
1882	0
41393	0
25208	1
40208	1
34121	0
10652	0
9235	0
54575	0
5580	0
33277	0
8672	1
11632	0
20817	1
16731	0
33517	1
60945	0
25443	1
4949	0
24317	0
4766	1
27218	0
15059	1
60871	1
38029	0
48074	0
50898	1
1180	1
43023	0
49319	0
27971	0
12755	0
47026	1
16887	0
38417	0
51408	1
23	0
29315	1
19908	0
56214	0
23874	1
10209	1
18538	1
18859	1
53067	1
8604	1
11753	0
62682	0
7810	1
34594	0
24939	0
10976	0
22902	0
823	1
28873	0
49615	1
11497	0
44607	0
10710	0
432	0
1342	0
18360	0
27642	0
62752	1
35593	0
17900	0
27792	0
33766	0
14199	1
22683	0
55024	1
15769	0
3739	0
11298	0
51889	1
60843	1
17109	0
6189	1
59947	0
2188	1
4276	1
5683	0
61217	0
36706	0
40808	0
9826	0
17793	1
31151	1
12481	0
35048	0
25095	1
28086	1
19398	0
2178	1
18359	0
21172	1
43862	1
4985	0
12094	1
12525	0
33765	0
45663	0
23216	0
2840	1
7207	1
59795	0
22001	0
8370	0
1260	0
41510	1
18069	1
34926	0
41757	1
35891	0
16259	0
13937	0
28122	1
2999	0
44318	1
8475	0
13479	1
14904	0
26516	0
1640	0
10121	1
36906	1
673	0
11998	1
9658	0
51629	0
23588	0
53118	1
30640	1
24956	1
60099	1
17354	0
32684	1
30525	0
27637	0
25648	1
1934	1
13584	0
17518	0
43757	1
14866	1
15884	1
27921	0
49427	0
28740	0
50408	0
13706	1
27980	1
59234	1
32757	0
47493	1
34212	1
8916	1
50638	1
4559	0
5837	1
8365	1
10980	0
27926	1
49099	0
11592	0
54168	0
11228	0
14031	1
37726	0
11946	0
24707	0
19889	0
33380	1
14203	0
58086	0
33024	1
21042	0
12086	1
14402	1
36345	0
4262	0
9186	1
13824	1
50131	0
18024	1
55578	0
25887	0
44030	1
24570	0
27222	0
14005	0
17721	1
55788	0
14274	0
24764	0
37675	0
44348	1
16502	1
36426	0
37242	1
352	1
45621	0
7908	0
28512	1
49995	0
16677	0
5070	0
27673	1
20824	0
18513	0
28852	1
49869	1
12655	0
11115	0
46122	0
62690	0
7964	0
13288	0
7190	1
4081	1
26623	1
14644	1
34689	1
14186	0
45726	0
41805	0
17092	0
53917	0
29926	1
63123	1
11904	1
4796	0
43257	1
35494	0
33113	0
1651	1
24034	0
11318	1
3705	1
970	1
40742	0
24546	0
12838	0
1126	1
11302	0
48685	0
39020	1
36734	1
39134	0
33791	0
14485	1
6570	1
60034	0
26057	0
22118	0
55173	1
38691	0
59492	1
19368	0
8591	0
19870	0
12621	0
18527	0
26351	1
29033	1
35417	0
44144	0
38272	1
6766	1
62868	0
37229	0
32168	0
11731	0
61621	0
18381	0
14991	1
5604	0
4407	1
41087	0
33562	0
29739	0
9210	0
58068	0
16662	1
32306	0
46680	0
20911	1
34725	0
62488	0
1570	0
20250	1
53574	1
990	0
36494	0
16327	1
6656	0
33505	0
58535	1
16741	1
2335	0
11603	0
17641	0
14926	0
22078	0
13346	0
42155	0
18391	1
1094	1
5335	0
13325	1
9523	0
26163	1
48260	0
29506	1
42037	0
25933	0
48837	0
31447	0
13667	0
626	1
28907	0
5090	1
46569	0
54458	1
36350	0
21886	0
5256	0
14646	0
48883	0
24291	0
31872	0
16069	0
5539	1
57828	0
26252	0
13785	1
25427	1
8811	1
3893	0
32929	0
29417	1
24845	0
9359	0
26824	0
10072	1
31312	1
41768	0
14398	0
56836	1
92	0
43605	0
16427	0
20806	1
15550	0
8097	0
14378	1
131	0
53171	1
27282	1
24451	0
41249	0
47544	1
5927	0
39177	1
28369	0
57472	0
58618	0
27688	0
5831	0
46962	1
37112	1
44764	0
33376	1
26458	0
17802	0
27299	0
54594	0
18623	0
36589	0
17303	0
32328	1
19718	0
67	0
56756	0
19283	0
25903	1
24112	0
31330	1
25019	0
28949	1
25785	0
1915	0
1066	1
8583	1
950	1
398	0
7216	1
21893	0
38521	1
7700	1
11799	0
21326	0
19807	0
39259	0
35973	0
8539	0
13952	1
38703	1
62578	1
26400	1
43574	0
28831	0
17124	0
41710	1
9567	0
32197	0
1437	1
27042	0
7203	0
10511	0
25818	1
25121	1
13049	1
62807	1
11503	1
21024	0
953	1
49308	1
52570	0
46275	0
13138	0
24624	1
21585	0
12822	0
14803	1
26966	1
45457	1
33214	0
57356	0
45782	1
23073	0
39172	1
62456	0
27922	0
369	1
5412	0
50158	0
29063	0
23398	0
16683	0
9902	0
8613	0
4603	1
38044	0
9942	1
24017	0
35142	0
38845	0
5649	0
24840	0
32310	0
14895	1
29694	0
13422	0
8280	0
36776	1
33646	1
26643	0
26464	1
42165	1
19918	0
18485	1
30916	1
29469	1
32143	1
28446	0
27462	1
40020	1
25984	0
52335	1
18814	0
22365	0
6730	1
31006	0
44960	1
47297	0
27737	0
25543	0
56527	0
17620	0
35024	1
59483	0
12104	1
18158	1
56106	1
28462	1
51942	1
6341	0
52066	1
4556	1
22891	1
45008	1
15579	0
25362	0
40401	0
15296	0
29824	0
26609	0
12167	1
20057	0
34752	0
36468	1
52219	0
19236	0
723	0
23162	1
26280	0
20945	1
17365	1
44378	0
39246	1
4998	0
38334	0
35433	1
17986	0
20080	1
43784	1
47239	1
28146	0
39272	1
2805	1
22939	1
21517	0
8282	0
21823	0
49635	1
51050	1
29468	0
4872	0
51288	1
1385	1
60954	1
27071	1
22693	1
7939	0
29541	0
2173	0
25407	0
16666	0
42339	0
16715	0
49354	0
35937	1
34030	0
39229	0
23725	0
28290	0
60779	0
60049	1
12008	0
19798	1
54651	1
25180	0
2958	1
28364	0
32975	1
7233	1
9841	0
23833	1
35239	1
16437	0
36741	0
57145	0
28456	0
38718	0
16637	1
7831	1
53274	0
38408	1
30736	0
37110	0
44132	1
13855	0
27843	1
54245	1
20515	0
21698	0
11327	0
34612	0
22529	0
20278	1
38657	1
27401	0
25182	1
47552	0
16097	1
26097	0
7570	1
39352	1
42379	0
35701	1
41689	1
35354	1
46696	0
13654	1
22768	0
27965	0
35933	1
10250	0
14227	0
23784	1
18118	0
5886	0
18960	1
18583	1
51305	0
9630	0
32696	1
36786	0
20340	1
32663	0
46736	1
26513	1
57635	0
34664	1
56725	0
25817	1
4183	1
3992	1
36035	1
49270	0
50838	0
12255	1
5859	1
44412	0
6599	0
9625	1
36819	1
3480	1
11556	1
14501	0
49758	1
12419	1
16305	0
5320	0
30478	1
33559	0
21518	1
32384	1
37778	0
14757	1
10799	1
13718	0
30283	0
28219	1
34915	0
30559	1
15802	0
32352	0
15849	1
54485	0
7352	1
31429	0
21129	0
4861	0
33339	1
7538	1
30364	0
23384	1
12083	0
8958	0
35820	0
29932	0
33050	1
15587	1
37129	0
36534	0
38670	0
30139	0
32484	1
51917	1
22408	1
4735	0
41567	1
17048	0
30054	1
17876	0
360	0
21419	0
7287	0
27866	1
61362	0
47746	0
7548	0
18297	0
8576	0
6189	1
57914	1
46113	1
44777	0
34443	1
31776	0
38994	0
57383	0
28770	1
3817	1
34479	0
52769	0
50458	0
35380	0
25902	1
20388	1
23881	1
3495	0
57318	0
27622	1
37068	1
11878	0
55262	0
19584	1
15349	0
24858	0
15924	1
23950	0
15583	1
25193	0
22608	0
30184	0
19166	0
15176	1
8868	0
58908	0
2005	1
38354	1
32443	1
35805	1
992	1
57493	0
31314	1
38154	1
46890	0
6800	1
7500	1
53270	0
49769	1
37594	1
9013	1
30089	1
31479	0
55399	1
57524	0
16611	0
29124	1
12192	0
28158	0
48676	1
8797	0
7052	1
32206	1
57256	0
37783	0
29252	0
47931	0
51195	0
52069	0
59538	0
6402	0
638	1
42230	0
44087	0
24345	0
14693	1
50498	1
13614	0
40119	1
60173	1
2129	1
25474	0
20163	0
57228	1
46016	0
33430	1
32713	1
5337	0
11700	1
24045	1
12313	0
6175	1
15739	1
32867	0
30739	1
33636	1
16123	1
11341	0
39675	0
4527	0
19464	0
57681	1
50156	0
45972	0
22047	0
22767	1
26528	1
62449	0
38347	0
1791	0
51815	0
32830	1
6534	0
33674	1
11765	0
12599	1
15538	1
35164	0
27746	0
31721	0
60258	0
28818	1
27141	0
3234	0
42901	1
59350	0
45316	0
17125	1
30457	0
51760	1
54274	0
7589	0
3768	0
34817	1
38058	0
7044	1
19451	1
16240	0
60782	0
2986	1
56873	0
33124	0
56577	0
18480	1
13555	1
7920	0
2959	0
5488	1
28179	0
42960	0
42631	0
26676	0
43816	0
27944	0
2547	0
11158	1
48954	1
34282	0
54249	0
22187	0
56606	0
57769	0
20659	1
28308	0
2236	1
54841	1
23101	1
9473	0
1932	0
24069	0
8432	0
6681	1
6573	1
17412	0
33566	1
7679	0
6301	1
11379	1
20018	0
7053	0
11709	0
32495	0
2209	0
23696	0
28067	0
16111	0
50039	0
57298	0
9742	1
6767	1
144	1
39818	1
36238	1
14249	0
35987	1
35851	0
18833	0
6861	0
7627	0
51636	0
59376	1
55158	0
38401	0
46339	0
37011	0
5915	0
6096	0
59615	0
16843	1
59769	1
3588	1
53695	0
33300	0
6089	1
42497	0
1332	1
23677	1
9819	1
46206	0
6991	1
9752	0
18223	0
15909	0
7406	0
34337	1
31152	0
16530	0
21401	1
38746	0
35745	1
33051	0
52963	0
30228	1
43782	0
46813	1
21001	0
8110	0
30444	1
34304	1
8065	0
29133	1
33440	0
20378	1
22265	1
13820	1
35592	0
19911	0
49742	0
38057	0
29888	0
21988	0
31875	1
43026	0
9648	0
23104	0
20472	0
26257	1
34433	0
26700	1
3510	0
45209	0
62924	0
10290	1
14328	0
13101	1
8733	0
51396	1
5220	1
42690	0
37914	0
24301	1
45488	0
4436	1
9785	0
34727	0
52600	1
39323	0
1709	1
9357	0
21862	0
12426	0
37995	1
10281	1
45138	0
29913	0
57379	0
50240	1
15476	0
37481	1
20695	1
49186	0
35158	1
14849	0
38846	0
25361	0
24264	1
41411	0
878	0
38438	1
40578	1
57990	0
50189	0
15820	0
7452	0
43210	0
7075	0
32551	1
24138	0
17682	1
50514	1
3695	1
24776	0
36794	1
24736	0
32366	0
17342	1
11805	1
8544	0
25438	0
25077	0
36318	0
28125	0
57542	0
51133	1
24853	0
32768	0
20966	0
47686	0
2952	0
4893	0
30341	1
33091	0
45154	0
47624	1
7785	1
55480	0
22625	1
35236	1
19869	0
10789	0
51263	1
21211	1
7058	0
38650	0
10136	0
467	1
55505	0
57618	0
18839	0
45269	0
37526	0
6170	1
36460	0
29549	0
35581	0
37218	0
3932	0
3272	1
58735	1
11080	1
25143	0
6320	1
36409	0
59487	1
5014	0
33935	1
21548	0
14058	0
13682	0
31844	1
34140	1
43807	1
29856	0
55996	1
13505	1
62857	0
25825	1
25313	0
26235	0
2238	0
44591	0
25459	0
9152	0
13097	1
29310	1
57806	0
11581	0
28384	0
49654	0
49552	0
5856	1
1547	0
4117	0
23622	1
8905	0
27572	1
104	1
5954	1
457	0
39674	1
8081	0
25796	0
14665	0
29714	1
12789	1
388	0
28142	1
12971	0
15082	1
1895	1
5864	1
46342	1
50103	0
60380	1
33777	0
13911	1
41443	1
6642	0
61479	0
2496	1
29909	1
4987	0
2463	0
11308	0
34317	0
34939	1
27888	1
28974	1
46047	0
6210	0
6259	1
4627	0
18073	0
7897	0
47877	1
18198	0
24863	1
4086	0
38436	0
4413	1
183	1
2347	1
44361	1
62234	1
39209	0
15524	0
16879	0
31449	0
25754	0
50204	0
43615	1
10103	1
39129	0
14889	0
43217	0
25886	0
63096	0
31265	0
29708	1
2463	1
25640	0
13349	0
6794	1
1068	0
34316	1
9223	1
14659	1
40396	0
10792	1
32898	1
52479	0
11605	0
16093	1
42555	1
7497	1
32208	0
11561	1
50275	0
37513	1
24490	1
1565	0
16818	0
38434	1
35932	1
37822	0
23986	1
35854	0
48934	0
50272	1
6646	0
23583	0
55209	0
38660	0
50929	1
60757	0
15449	0
14545	1
29521	0
28168	0
367	1
58680	0
92	1
38619	1
20961	1
40424	1
12268	0
36331	1
292	1
20918	0
5511	0
14135	0
3950	0
28158	0
7956	0
5091	1
19845	0
17079	1
25731	1
2858	0
59905	0
16399	1
11515	1
55782	1
24021	1
13563	0
32993	1
29865	1
4159	0
17184	1
61310	1
26806	1
57136	1
48601	1
20918	0
14152	0
10514	1
43435	0
8712	1
49763	1
17010	0
23476	0
59502	0
12448	0
23349	1
19602	1
61356	0
12486	1
16868	0
8288	0
53625	1
28148	1
24037	0
36922	1
48049	1
48041	0
39150	0
61893	1
1384	1
6322	0
29094	1
16629	0
62077	0
22700	1
40845	1
30481	0
28655	0
15590	0
5227	1
42229	1
16801	1
28205	0
34198	0
34674	0
32419	1
4656	1
3809	1
60438	0
20414	0
32346	0
4193	1
40530	0
22900	1
2378	1
16216	1
9117	0
7033	1
31214	0
27320	0
15880	1
35761	1
22990	1
12317	0
11392	1
16410	0
18856	1
32530	0
10966	1
48386	0
9948	0
50349	1
15362	0
18346	1
17503	0
54086	0
47412	0
59366	0
30893	0
4510	0
19421	1
28086	0
19990	0
16237	0
53943	1
30972	0
16832	0
14457	0
28312	0
27091	0
43418	0
62163	1
62242	1
4179	0
11143	1
19833	1
6633	1
3142	1
61997	0
20485	1
18983	0
37286	1
55269	1
29159	0
13485	0
35676	0
5295	0
21478	0
25528	1
24430	1
53916	1
3886	0
508	0
63002	1
1491	0
40506	1
61208	1
39611	1
9123	0
39664	0
14950	1
36449	1
12511	0
6485	1
38863	1
35077	1
6029	0
59497	0
15958	0
26527	0
60162	0
19133	0
6679	0
14759	1
7974	1
54839	0
29123	1
56713	0
23293	1
27692	1
27706	0
33885	1
6404	0
32157	1
40886	0
61172	0
15698	1
37694	1
21631	0
21471	0
20833	0
2191	1
55111	0
30057	0
6868	0
35901	1
25166	0
19303	1
18404	0
54576	1
20698	0
15983	0
36608	0
25962	0
36096	0
34043	0
11586	0
11217	1
29878	1
62476	0
11979	1
1149	0
5950	0
1322	1
47736	0
17538	1
58063	0
17923	1
22793	1
52020	0
42751	0
5536	0
9643	0
40730	0
34874	0
12618	0
7744	0
13336	1
21922	0
45742	0
60	1
22634	0
35288	1
21364	0
52934	0
60192	1
40853	1
3283	1
34535	1
22746	0
41401	1
30936	1
42518	1
1680	1
38153	1
40562	0
26672	1
54763	0
39486	1
20866	0
35737	1
8534	0
50417	1
14051	1
30816	0
8366	1
4935	0
6355	1
36699	1
47011	0
18342	0
58922	0
58237	0
23108	1
54345	0
12505	1
47315	0
29296	0
16755	1
21616	1
13069	0
48443	0
20033	0
24678	0
56940	1
10314	0
17872	0
27472	0
29310	0
58907	1
20666	0
6093	1
3257	0
8924	0
188	1
44397	1
25277	1
6259	0
13246	1
57355	0
4534	0
18554	0
30977	1
30459	1
33051	1
19107	0
17762	0
26006	0
26994	1
61660	1
14785	0
48390	0
7500	1
32751	0
57040	0
12666	0
48365	0
19216	1
37279	0
18656	0
21536	1
32498	1
14703	0
3035	0
35874	1
18863	0
1663	0
51097	1
34478	1
59595	0
28187	0
738	0
49541	1
45688	0
5858	0
22258	1
22326	0
47769	1
8562	0
41204	1
16696	0
37074	1
37096	1
39238	1
35009	1
24084	0
34364	0
36398	0
61777	0
10641	1
25124	0
15915	1
22093	0
25190	1
7213	1
22153	1
10897	0
9286	0
16113	0
2328	1
34505	1
20047	0
13401	1
34700	0
2180	0
19218	0
26155	0
1422	0
45259	1
13289	0
20300	1
60424	0
36737	0
21480	1
45093	0
35582	0
61796	0
44632	0
9968	0
2887	0
8670	1
34410	1
23673	1
24280	1
17619	0
1112	1
13767	0
8949	1
13088	1
39249	0
56862	0
1345	0
40449	0
36824	1
6635	0
17727	1
22662	1
30508	0
44396	0
10442	1
26531	1
12866	1
39952	0
22954	0
19539	0
12933	0
35876	0
24114	0
38778	1
23582	1
37039	1
17101	0
21059	1
20592	1
61212	0
61073	1
15748	0
39200	1
13215	1
55749	0
28360	0
27661	0
58361	1
13900	0
53837	0
13424	1
47733	1
30451	0
8002	0
16690	1
9767	1
3194	1
10135	1
24270	0
10642	0
32357	0
44436	1
20525	0
12245	0
26202	1
42132	0
35629	1
9683	0
28591	1
13547	1
22111	0
32348	0
24840	1
18543	1
24415	0
17196	1
57380	0
29443	1
20040	0
45927	0
11606	0
57124	1
37007	0
22559	1
58605	0
19810	1
20608	1
688	0
12356	1
4773	1
5541	1
14762	1
1047	0
47841	0
26103	0
3900	1
31336	0
39469	0
39596	0
13902	0
25210	1
2315	1
23382	0
26970	0
16013	0
14256	0
58400	0
43491	0
12038	1
37269	1
33371	0
56648	0
30712	0
11238	1
9839	0
39204	0
47206	0
62109	0
16234	0
45474	0
20411	1
47341	1
1044	0
37640	0
11970	0
21877	0
29780	0
20359	0
25087	1
24146	0
2868	0
6646	1
13213	0
31898	1
5200	0
30372	1
1914	1
46664	0
16202	1
32590	1
17473	0
46873	1
186	1
16653	0
20137	0
20016	0
59826	0
1772	0
38224	0
26550	0
16470	0
28908	0
6324	0
24224	0
31554	0
25803	0
46971	1
62502	0
7537	1
7365	1
14946	0
38503	1
12341	1
8272	0
1496	0
13440	0
38381	1
29561	1
60054	0
61490	1
26403	0
5762	1
20742	1
10063	1
11535	0
23895	0
6424	0
18966	1
26307	0
5283	0
10793	1
55022	1
33887	0
9554	1
45588	0
61851	0
12274	1
312	1
531	1
61899	0
28335	1
10404	0
59695	0
32166	0
45873	0
62320	1
16005	0
37379	0
35968	1
36958	0
19895	0
6049	0
53205	0
26808	0
57774	1
51894	1
36775	1
44528	0
25709	1
35277	0
6027	0
32771	0
37678	0
28012	0
16592	0
28584	1
23150	0
7273	0
13697	1
34956	0
38959	0
56083	0
3215	0
1214	0
32874	0
62972	0
26726	0
20856	0
5815	0
2250	0
50012	0
12784	0
2610	0
41936	1
7089	0
53531	1
28737	0
48091	0
5354	1
2144	1
1774	0
54029	0
24752	1
9263	0
29309	1
30966	0
14659	1
38901	0
54913	1
19265	1
2549	0
4317	1
15429	0
34296	0
32797	1
45751	0
3409	0
16900	1
20002	1
23860	0
12830	0
18799	1
1145	1
43799	1
8628	0
24368	1
14158	1
10566	1
28092	0
62366	1
21297	1
6025	1
20785	0
37771	1
25258	0
20022	0
184	0
15948	0
52016	0
1042	0
8053	1
20457	1
29137	1
8830	1
17858	0
33470	1
6585	1
15630	0
25068	0
16153	1
39918	1
22645	1
40127	1
57369	0
16637	0
39266	1
17019	1
36054	1
14379	0
50948	1
61802	0
27255	0
61385	0
56268	0
7331	1
42935	1
29000	1
55219	0
9804	1
3778	0
16764	0
230	1
62999	0
23452	0
52145	1
29963	1
9945	1
17472	0
38908	0
10340	0
10261	1
54020	1
26318	1
8956	0
53766	1
35895	0
33948	1
28252	0
15580	0
32848	1
945	0
5935	1
23397	0
31693	0
16758	0
18819	1
14712	1
22604	0
12926	0
35838	1
27480	0
14138	0
47743	0
177	0
19438	0
23173	1
31294	1
41278	1
17760	1
36658	0
55917	0
25477	0
30751	1
33549	0
50200	0
46203	1
22686	1
54205	1
20735	1
24011	1
3630	1
59791	0
18582	0
5804	0
20382	0
29307	0
10054	1
15517	0
16554	0
35535	1
14297	1
32938	0
25200	1
17609	1
41715	1
20005	1
38382	0
25158	0
15629	1
28666	0
5175	1
19823	0
24147	0
15091	0
38227	0
58297	1
46221	0
9478	1
31033	0
57463	0
39259	1
57912	0
4010	0
4707	0
22112	0
33982	1
28858	1
22841	0
27589	1
25434	1
34732	1
29720	1
17559	0
21778	0
16520	1
30673	1
50693	0
27088	1
5097	1
4989	1
17679	1
5100	0
38939	0
697	1
58527	0
15314	0
24992	0
28452	1
28046	0
6490	1
24406	1
38751	0
4007	0
27403	0
24870	0
7581	0
27089	0
36028	1
33323	1
52303	0
35580	1
15172	0
851	0
4135	0
7005	1
9365	0
19051	0
37833	0
47267	1
30268	1
35343	0
23992	1
3244	1
55806	0
34169	0
9476	1
2136	1
7397	0
46	0
35182	1
16704	1
57247	0
15738	1
41093	0
23885	1
7322	1
35896	1
21957	0
11378	1
51185	1
30660	1
2933	0
48694	1
12684	1
45045	0
336	0
13145	0
50031	0
9315	1
4851	0
50075	0
24279	0
8298	1
40451	0
13490	1
25252	1
10233	0
25281	1
60507	0
31172	0
50256	1
11006	0
61882	0
26902	0
35518	0
5665	0
380	0
35459	1
36691	1
57268	1
36295	1
12741	0
51242	1
6026	0
50880	1
19515	0
52282	0
35576	1
30556	0
27128	0
61502	0
15689	1
8332	0
46475	0
30190	0
16995	0
18524	1
34177	0
38508	1
1788	1
33884	0
3303	0
7953	0
1328	1
13686	0
30494	1
156	1
8183	0
22286	1
50436	0
25234	0
50681	1
2648	1
5921	0
47849	1
28316	1
3053	0
8696	1
8915	1
26518	1
23309	0
44609	0
41409	0
1181	0
27671	0
3239	0
3000	0
42113	1
30833	1
20600	1
16060	1
48486	1
10537	1
24474	1
17552	0
4319	0
52532	0
21214	1
17352	1
57583	1
28260	0
13253	0
39046	1
19508	0
15319	1
21884	1
47431	1
16164	0
25194	1
35938	1
58659	0
16426	1
4946	1
28	0
38827	1
5275	0
1930	1
900	0
11322	0
29238	1
11897	1
21552	1
27172	0
45571	0
38855	1
10899	0
15537	1
3604	1
44139	0
7368	0
6597	1
1916	0
49764	0
19849	0
59036	0
52163	0
62554	1
37842	0
2936	1
20352	0
37232	0
17048	1
15602	0
14306	1
25268	0
48157	0
6557	1
28528	0
17591	1
8835	1
30342	0
17126	1
33939	1
19963	0
9334	1
10436	0
6721	0
56830	0
32604	0
28676	1
23864	1
38278	0
29009	1
2055	1
33874	1
18628	1
45049	1
36962	0
21908	1
15609	0
14320	1
7783	1
43961	0
13398	1
31490	1
39732	1
9477	0
37120	1
3865	0
17238	1
24184	1
29709	1
21772	1
19180	1
45524	0
17613	0
28021	0
39985	0
17094	0
27719	0
22020	0
33374	1
25354	0
37539	1
29757	0
12760	0
36972	0
23447	0
34822	0
47208	0
42606	0
32062	0
48255	1
4647	1
17251	1
49632	0
13067	1
62106	0
54426	1
41693	1
28243	1
32605	0
9260	0
8647	0
35161	0
14899	0
6510	1
33664	0
55866	1
14107	0
3106	0
7885	0
9050	0
23357	0
32590	1
61214	0
41018	0
11627	1
11883	1
6733	1
34820	1
6908	1
38578	1
59700	1
30069	0
52997	1
27300	0
28120	0
29119	0
35644	0
27993	0
19572	1
2640	0
8026	1
13694	1
34843	1
10868	1
31678	1
31410	0
19633	1
45544	1
16999	0
37801	0
45713	1
50157	1
53778	0
47480	1
37420	1
24141	1
31954	0
9557	0
44844	1
60535	0
42326	0
60332	0
27912	0
33755	0
2465	0
28099	0
34996	0
25811	1
60515	0
54440	0
21905	1
11219	0
54190	0
21355	1
26204	1
15419	1
24412	1
9875	0
1604	0
39983	0
3652	1
35088	0
50271	0
25587	1
43306	0
30496	1
47105	0
14207	1
18319	1
15872	1
10116	0
17935	0
36692	1
23728	0
43329	0
22283	1
34666	0
17347	1
4138	1
4306	1
12843	0
34721	1
22954	0
5767	0
16544	0
27562	0
43212	0
47603	1
16970	0
53330	1
31709	0
13239	1
30790	0
9281	1
33062	1
27156	1
27979	0
6624	0
53375	1
14571	1
908	0
28716	0
11258	0
20440	0
16524	1
41021	0
59211	0
41691	0
19258	0
14032	0
9455	0
894	1
37597	0
14189	1
26276	0
36866	1
42998	1
17675	1
15943	0
642	1
46689	1
36916	0
19063	0
14213	0
16377	1
52157	1
51783	0
36335	0
33762	0
51612	0
58865	1
15597	1
36092	1
45558	1
44793	1
14689	1
49419	1
20177	1
29526	0
45085	0
9569	1
14384	0
32820	1
13218	0
2801	0
43282	1
9355	1
56884	1
31329	0
48714	0
13117	1
12957	0
57872	0
34686	0
36990	1
51826	1
30627	0
33131	1
17457	0
11901	1
58346	1
22695	1
8194	1
35814	0
12770	1
12994	0
403	1
33231	1
16161	1
272	1
57272	0
24515	0
47266	0
8790	1
42109	0
8024	0
24762	1
63039	0
31978	1
55547	0
11867	1
18742	0
25476	1
11145	0
19590	0
33818	1
15479	1
57729	0
17055	0
39612	0
19399	1
1482	1
8140	0
29244	0
60579	0
13461	1
16989	1
31800	0
24915	0
13726	1
3012	1
20335	1
3470	1
24298	0
6808	0
47717	1
22299	0
18692	0
23033	1
24085	0
38457	0
29739	1
10287	0
15557	1
34164	0
18339	0
42655	0
4472	0
17316	1
32599	1
14669	0
51238	0
36539	1
6076	1
22379	1
10034	0
38186	1
28332	0
2222	0
40830	0
40019	0
13419	1
7600	1
60534	1
10944	0
60313	1
13046	1
15982	0
21587	0
50022	1
16316	0
54901	0
1085	0
22581	1
32137	1
8112	1
18525	1
8749	0
38618	0
43250	1
23962	1
29180	0
12602	0
31601	1
30942	1
55536	0
36268	0
37948	0
27462	1
30204	0
25374	1
28075	0
16510	1
51546	0
41972	0
30123	1
12901	0
3550	1
27715	1
52408	0
11135	0
11123	0
4494	0
4079	1
33084	1
20052	0
38184	0
4239	0
16107	0
54561	0
20682	0
32264	1
4206	1
8770	1
19254	0
3854	0
3241	1
21142	0
11585	1
34452	1
32091	0
4906	1
37099	0
8455	1
50430	0
37511	1
26333	0
4302	0
49459	0
46969	0
17780	1
43677	0
410	0
15740	0
37841	1
5262	0
54661	0
33027	1
57796	0
15990	1
56001	1
45662	1
17638	1
49313	1
21232	1
1409	0
54803	1
41456	0
59247	1
38687	1
45315	1
16319	0
1046	0
4413	0
4374	1
17392	0
26150	1
647	0
46386	0
31163	1
45155	0
61067	1
3751	0
11236	1
658	1
1693	1
31915	1
21183	0
12961	1
54640	0
32596	1
9912	0
15393	1
31255	1
20168	0
47920	0
8439	1
35797	1
20837	0
53993	0
27187	0
37342	0
34766	1
1108	1
16260	1
19194	0
51872	1
19731	0
56073	0
2428	0
34676	1
55423	0
24653	0
3579	0
11094	1
59712	0
53011	0
9111	0
42	0
33519	1
32037	1
46527	0
15313	1
27220	1
34448	0
30696	1
46147	1
31248	0
13664	1
35119	0
13270	1
30593	0
2200	1
33299	1
16497	0
9426	0
47984	0
32965	0
50580	1
20798	1
61738	0
12424	0
38594	0
2962	0
8701	1
47830	1
16023	0
20096	1
28368	1
27108	1
15111	0
20255	0
20310	0
27160	0
57314	1
56042	1
10808	1
18286	0
17920	0
40004	1
37334	0
26069	0
35088	0
10230	1
32804	1
49867	1
53895	0
19719	1
22585	1
23923	1
31441	1
19023	0
17954	0
42730	0
62431	0
1133	1
11976	1
22900	0
37307	0
11947	0
14062	1
29519	0
5140	0
4819	1
23503	1
12780	0
32092	0
19536	1
30900	1
3193	0
31256	0
35558	1
28782	0
53123	0
29173	1
971	1
36557	1
16053	1
5382	1
62797	0
33665	0
58168	0
42107	1
16405	0
6859	0
28407	1
52878	1
6298	1
30200	0
1659	0
23895	0
55936	0
52258	0
34174	0
225	1
37839	1
23718	0
29055	1
22180	1
37731	0
27531	0
19251	1
14003	0
45091	1
29202	1
13769	0
20069	1
28249	0
26693	0
21069	0
50483	1
11670	1
10859	0
47478	0
15165	1
52416	1
5443	0
61282	0
10955	1
56700	0
2076	1
18433	0
24252	1
10677	1
16956	1
7581	0
51857	0
32188	0
5771	0
4927	1
6197	1
57584	1
59138	0
38964	0
22012	1
29879	1
29890	0
29577	1
6328	0
24428	0
24118	0
26172	0
35209	0
32969	0
35770	0
7506	1
13160	0
31549	1
30041	0
23107	1
26604	0
22602	0
34910	0
30249	1
25011	0
54679	1
862	1
8699	0
38919	1
6674	1
334	0
5421	0
17580	0
37142	1
25066	1
15290	1
48775	0
23105	0
19413	1
21738	0
4899	0
22896	0
47123	1
15611	1
61059	0
19902	1
28973	1
21621	0
14135	0
62706	0
19525	0
24137	1
42959	0
27633	0
46285	0
41276	0
5566	1
31001	0
10844	0
40835	0
50026	0
29754	0
17428	1
48308	0
28985	0
33260	1
18232	1
56916	0
16446	1
45189	0
18923	0
28019	1
9568	0
3187	1
54708	0
58854	1
8391	0
33378	0
28829	0
2256	1
27924	0
33882	1
62643	1
38980	1
13359	0
23419	0
16293	1
14415	1
12353	1
25239	1
36459	1
16806	1
1520	1
41900	1
15767	0
34552	0
30596	0
53518	0
35934	1
59111	1
50008	0
39230	0
8021	0
1696	1
917	1
6065	0
12215	0
21916	1
33956	0
27323	0
60831	0
20227	1
51132	1
19156	0
9395	0
15159	0
56331	0
12588	1
10625	0
29256	0
38607	1
14790	1
60683	0
47328	0
29386	0
15089	1
30143	0
32295	1
49602	0
9866	1
35841	0
7335	0
29008	0
50010	0
42127	1
26383	0
29832	0
1877	1
21584	0
40166	1
52751	1
42330	0
30758	1
29743	1
32293	0
8629	0
22814	0
8557	0
19748	0
48128	1
45350	0
26309	0
43993	0
4906	0
29851	0
27494	0
46812	0
21372	0
23258	0
8464	1
5019	0
46391	1
27333	0
14376	0
9537	0
28557	1
33673	0
28211	0
57691	0
11338	1
1192	0
31980	0
5850	1
18614	1
14713	1
13360	0
29431	1
45770	0
36601	1
44120	1
51831	0
574	1
37870	1
1947	0
47420	1
39133	1
35404	0
1139	1
60078	0
30835	1
45534	0
15206	0
24715	1
46944	1
36326	0
60181	0
46684	0
52782	0
9824	1
29104	0
28708	0
19636	0
31585	0
29068	0
32871	0
17753	0
927	1
56676	0
16830	0
30462	0
16182	1
19839	0
12441	1
44177	0
961	1
32933	0
8200	0
16559	0
36315	1
53080	0
35834	0
31347	1
16313	0
20561	1
28496	0
17729	0
8981	1
10688	0
2033	0
22550	0
46076	0
31557	1
24658	0
53788	0
7770	1
15192	0
24070	1
56978	1
10554	0
38204	0
1351	1
22178	0
1902	0
57147	1
54861	0
7360	0
54875	0
14825	1
29661	0
7632	0
29111	0
12629	1
1621	1
23282	0
23618	1
17767	1
24369	1
46513	0
29557	0
15198	0
570	1
6655	1
47463	0
17926	0
11298	1
1586	1
29503	1
59870	1
26695	1
364	0
597	0
9552	1
14311	0
1669	1
37791	1
14416	0
5719	0
62220	1
23022	0
35131	0
30011	1
16934	0
31353	1
49844	0
42177	0
284	1
59498	1
21768	1
35202	0
44650	0
4484	1
19203	0
29136	1
2082	0
1030	1
7811	0
31186	0
59735	1
33515	0
33402	0
2488	1
4772	0
32195	0
6274	1
8456	0
38372	1
24818	0
51230	0
9501	0
38977	1
8957	0
35529	0
14016	1
33589	1
43891	0
53142	1
42965	0
27449	1
36613	1
13686	1
31415	1
20469	0
21978	0
35481	1
230	1
15048	1
9118	1
43529	0
48514	0
55746	0
34378	1
9059	1
37931	0
55355	1
62705	1
26650	0
62898	0
18929	0
34754	1
10643	1
4890	0
16726	1
19811	0
36269	1
43164	1
23241	0
31043	0
54587	0
5048	0
33678	0
8746	1
19114	0
27165	1
34631	1
5687	0
829	1
52215	0
20909	0
23767	0
50924	0
12558	1
51703	0
340	0
44088	1
12582	0
61904	1
3427	0
39126	0
19595	0
35151	1
34963	0
25776	0
25878	0
50434	1
6739	0
34710	0
25969	0
20888	1
35806	0
13430	1
31780	0
28805	1
18738	1
22285	1
13942	0
4431	0
34203	0
11823	0
61524	0
25869	0
36181	1
51290	0
4933	0
1322	1
54543	0
61419	0
40350	1
7372	0
5292	1
60493	0
3324	0
7935	0
16594	1
34826	0
40131	1
13752	1
5832	1
38413	1
11163	0
24296	0
36137	0
26040	0
46374	0
35522	1
11668	1
52956	1
15266	0
22180	1
12613	1
9410	0
36004	0
4449	0
31498	0
38533	1
12430	0
28258	1
62146	0
13245	0
10505	0
46701	0
40107	1
24600	1
20229	0
12157	0
60303	0
21425	1
4055	0
32280	0
13801	0
17773	0
36140	0
55220	0
9980	1
49780	0
20948	1
55736	0
11783	1
4296	0
33469	1
12733	1
58310	0
30997	0
42309	0
48813	1
31822	0
55604	1
47706	1
15091	0
15200	0
34012	1
53563	0
56902	0
23674	1
35595	1
15010	0
9135	0
47978	0
41713	1
55347	0
46267	0
38495	0
17555	1
2764	1
25176	1
34634	0
32617	0
48996	1
22202	1
53642	0
8323	1
25252	0
34881	0
6528	1
61529	1
7272	1
24745	1
28070	0
1879	1
10463	1
34377	1
4265	0
34360	0
6146	1
19669	0
16046	0
57098	0
25782	0
7492	0
46392	1
37364	1
15824	0
9227	0
29686	0
26008	1
797	1
16177	0
49949	1
10794	0
60123	1
12744	1
28632	1
54647	0
8828	1
25466	0
20906	0
27611	1
59937	0
1961	0
24031	0
16547	1
26245	0
13604	1
40090	1
22861	0
2864	1
30675	1
18917	0
21958	0
19474	0
61543	0
60950	0
4580	0
11235	1
35383	1
59842	1
62749	0
33655	0
33758	0
56827	1
25322	0
3313	0
24002	1
6354	0
16251	1
36630	1
38864	0
8403	0
12032	1
47203	0
38637	1
39253	0
51362	0
8625	0
58963	1
60636	0
14720	1
36091	1
25121	0
4267	1
22314	1
49840	0
39052	0
57670	0
9699	0
8003	1
13597	1
60257	1
10725	1
34408	0
7569	0
55778	1
27985	1
27397	0
60539	1
3673	0
28985	1
20135	0
34869	1
27187	0
14235	0
20181	0
36896	1
15509	1
32998	0
51278	1
32977	1
31925	0
48442	0
26933	1
49344	1
2242	1
123	0
30150	1
31547	1
24766	0
62223	0
38055	0
34248	1
29355	1
24562	1
32772	1
31992	0
29978	0
3495	1
17155	1
3963	1
38630	1
28820	1
280	1
7629	1
27475	1
41955	1
31967	1
16282	1
32457	1
55457	0
20824	0
53568	1
20487	1
7769	0
39020	0
50896	0
21410	1
28877	0
9097	0
3633	1
47943	1
59417	1
30575	1
39932	1
57276	0
32762	0
20302	1
40392	0
44908	0
21111	0
9002	0
52308	0
11733	0
52871	1
26773	1
15012	1
10360	0
30261	0
12188	0
57392	0
34486	1
61795	0
25268	1
31400	1
18351	0
16880	1
32917	0
25875	1
19139	1
38281	0
40787	1
16561	1
5881	1
22711	0
40850	0
59677	1
37257	1
41325	1
21390	1
18213	0
9378	1
39610	0
7933	0
16657	0
30399	1
17651	1
13020	0
8417	1
52626	0
34562	1
7239	0
46137	1
18196	0
32668	0
9623	0
4616	1
39809	0
5241	1
56645	0
17765	0
61724	1
36186	0
27070	0
5688	0
3537	0
16760	0
18867	1
3313	0
57048	1
43536	1
39941	1
28791	0
5153	1
6009	1
10019	0
889	0
11504	1
15894	1
28764	1
14492	0
3003	0
51641	1
20810	1
21183	1
39086	0
31547	1
12798	1
14667	1
11770	0
33289	1
2349	0
9692	0
16022	0
6226	1
22280	0
31496	1
15286	0
58720	1
11136	1
21491	1
14313	1
46186	1
24914	0
15694	0
29698	1
12484	0
57507	0
45181	1
19523	1
28668	0
22254	1
31638	1
27044	1
35604	0
47885	0
37405	1
14041	0
26352	1
58258	0
35600	1
679	1
26749	0
48115	1
22843	0
55963	1
35670	1
14789	0
51055	1
22604	0
10467	1
17761	0
41230	1
33204	1
35471	0
9670	0
39290	0
34256	0
16352	1
24328	0
27400	0
60119	1
32891	1
49261	1
12074	1
11251	1
22961	0
32465	1
29471	0
18375	1
35928	0
13286	1
22922	1
2215	0
42350	1
37101	1
1981	1
61859	0
17264	0
8483	1
51325	0
37933	1
3932	1
11709	1
18611	0
31919	0
488	1
37969	1
47022	0
24734	0
18040	1
56930	0
13225	1
52422	0
37880	0
31853	0
9082	0
14452	0
2098	1
6817	1
56776	0
47981	1
53565	1
3356	0
38740	0
40274	1
9462	1
35907	0
62570	0
15265	1
28784	0
23802	0
21979	0
46257	0
35609	0
48101	1
8286	1
771	0
22258	1
33208	1
30201	1
21289	0
55000	0
60832	1
43461	0
33354	1
28540	0
16007	1
6433	0
12007	0
16210	1
14307	1
38243	0
1600	0
33126	1
2553	1
53538	0
14999	0
37258	0
1685	1
58820	1
40108	1
43429	0
3705	0
1294	1
33413	1
6412	0
58599	0
30389	0
39171	0
15931	0
18149	1
54257	0
1054	0
45102	0
37056	0
1056	0
14626	1
31078	1
2814	1
62153	1
43167	1
38458	0
25290	1
13326	1
26472	0
29078	0
31454	1
543	1
47361	1
56237	1
29928	1
47780	0
11459	0
15337	0
15773	1
54511	0
23076	0
12661	1
1277	1
35357	1
18686	1
29683	1
34386	0
11446	1
26567	0
8920	0
7385	0
11590	0
8058	0
38114	0
32124	0
8750	1
42504	0
31719	0
7232	1
27719	1
33087	0
16585	0
21110	0
17337	0
33809	0
27394	0
48608	0
24619	1
34793	0
11061	1
22685	1
50906	0
33168	0
34272	0
28281	0
9576	1
21081	0
56754	0
9528	0
35173	0
6761	0
26933	0
20818	0
4199	0
6203	1
55690	0
44995	1
8315	1
60138	1
21231	1
1367	0
44033	0
35648	0
32280	0
3662	0
19338	0
17	0
36913	1
36943	0
33186	1
46827	1
31569	0
17045	0
61883	0
24494	1
52057	1
25007	1
16105	0
22554	1
51264	0
19607	0
26127	1
29656	0
34614	0
5338	0
56929	0
25186	1
13	1
40831	0
36407	1
9261	0
58633	0
33857	0
50054	0
20000	0
18710	0
19279	0
58591	1
11785	0
51112	0
18680	0
31548	1
29840	0
651	0
14758	0
10638	1
25653	0
45758	0
30966	0
37445	1
6308	1
3200	1
19145	1
2545	0
3687	0
2557	0
10675	1
47822	1
12061	0
21142	1
40890	1
43997	1
30046	0
46402	1
33296	1
45192	1
28241	1
15934	0
35092	0
33484	0
42039	1
3855	0
42564	0
45122	1
11518	0
20304	0
14942	1
27207	0
30244	1
32751	1
53640	0
2035	0
21287	0
26158	1
41097	1
28963	0
33088	0
13845	1
38848	0
8889	0
11786	0
35046	0
36526	1
34028	1
23502	1
10706	1
4800	0
9984	0
3337	0
46584	0
25698	1
27442	0
20566	1
29342	0
34859	0
42877	1
56018	1
37141	0
453	0
29558	1
8226	1
8361	1
26666	0
49685	1
4609	1
20506	0
3028	1
28843	1
41114	0
21692	0
2280	1
46357	1
23719	0
17979	1
7432	1
19621	0
52695	0
127	1
32791	0
34304	1
56509	0
5154	1
20769	1
17153	0
38658	0
19039	1
8753	0
44692	1
44879	0
28883	0
23226	1
19760	0
4417	1
32703	0
34160	1
45447	0
14706	0
45484	1
40516	1
44086	1
34583	1
55869	1
15782	0
45511	0
6145	0
32757	0
13187	0
7083	1
7015	1
21064	1
3131	1
32883	1
16279	0
53081	1
26962	1
40389	1
38986	0
16418	1
56385	1
50425	0
16523	1
16037	0
16305	1
21532	0
44884	1
24290	1
13851	0
2174	1
32215	1
345	1
50497	1
25732	0
19779	0
22424	1
1337	1
12497	0
21009	0
28729	0
35703	0
5774	0
24450	1
56560	1
6754	1
3425	0
31825	0
32818	1
22144	0
6980	0
24645	1
29138	0
24660	0
11702	1
14990	1
17577	0
19096	0
83	1
32021	0
41126	0
38669	0
4130	1
13355	1
54852	1
8807	1
15672	0
58670	0
12494	0
30282	0
23271	1
35263	1
21233	1
31149	0
25313	1
20092	0
14935	1
18998	0
28771	1
50663	1
1524	0
36863	0
39271	1
3177	0
29626	0
45561	0
57824	1
31675	0
14482	1
30907	1
14317	1
24785	0
31847	0
41540	0
36552	0
56555	0
1902	1
11002	0
27800	0
44853	0
11494	1
16821	0
7905	0
52123	0
1218	0
12995	0
9219	0
54984	0
40436	0
4384	1
18597	0
28864	1
8428	1
22155	0
34534	1
41609	0
15868	0
34643	1
56448	0
9660	0
37312	0
7391	0
29531	0
62236	0
60415	1
60468	1
55485	0
21968	0
23193	1
23744	1
30771	0
60678	1
21340	0
30178	0
14942	1
42878	0
6318	0
4023	1
19386	1
20389	0
1274	1
31962	0
50746	0
10829	0
28445	1
50853	0
29782	0
33836	0
8805	0
34352	0
37509	0
2194	0
58096	0
765	1
31089	0
19604	0
32988	0
2147	0
31724	0
53995	0
26647	1
20267	1
5548	1
31251	1
25958	0
56614	1
6824	1
52495	0
38727	0
37486	1
26413	0
12664	1
24538	0
50900	0
22753	0
51215	1
25934	1
33838	0
1811	0
4905	1
14517	0
2297	1
52572	1
60109	0
19041	0
23038	0
10377	0
26453	1
34386	0
25494	0
38451	1
539	0
37062	1
28173	1
58389	1
6066	0
5117	0
11134	1
57166	0
33075	0
756	0
57933	0
14932	0
21036	0
5600	0
24592	0
34344	1
38336	1
24743	0
18312	0
11935	0
3973	0
60275	1
23189	0
11850	0
16891	0
18059	1
38043	1
25384	0
921	0
46069	0
23825	0
34505	1
31701	1
30396	1
5599	1
53557	0
2065	0
45105	0
12518	0
22436	0
32890	0
15709	1
23493	0
34872	1
6886	0
37127	0
29759	0
40237	1
43748	0
1684	0
14939	1
26327	1
11473	1
15939	0
19953	0
52490	0
20117	0
4446	1
30178	1
22646	1
54730	1
52707	0
11927	1
15279	0
24700	1
42308	0
57128	1
46633	0
21479	1
29083	1
18584	0
2544	0
26015	0
20025	1
32659	0
47207	1
37181	1
27305	0
17319	0
16161	0
34222	1
3665	0
17646	0
4825	0
58092	0
56670	0
33301	0
28044	1
58868	1
7621	0
23495	1
18764	1
17315	0
13031	1
18239	1
46808	1
20458	0
31212	0
27352	0
34629	0
7246	1
28071	1
45346	0
6845	1
53941	1
17401	1
12409	1
17124	0
35931	1
11748	0
14475	0
14216	0
11112	0
31313	0
18146	0
26545	1
39957	1
17474	0
20908	0
9134	1
13125	0
913	0
13504	0
29416	1
53803	1
14503	1
38391	0
29373	0
1494	1
15404	1
24032	1
27905	0
15733	1
11310	1
27328	0
33630	1
14823	0
29652	0
35840	0
26759	0
16291	1
24408	0
61552	0
8325	1
10268	1
10424	1
37458	1
16379	0
15114	1
8832	0
15188	1
26961	1
20313	0
14527	0
21261	1
22195	0
32536	1
4223	1
45833	0
15204	0
50041	1
33570	1
25309	1
23031	0
35012	0
5170	1
35878	1
45095	0
22287	0
60499	0
12978	1
34031	0
25287	0
22185	0
23515	0
24281	1
30841	0
19542	0
37295	1
36766	1
12069	1
14336	1
26574	1
31020	0
62916	0
31040	0
5032	0
887	1
51902	1
25354	0
60025	1
9859	1
3753	0
16142	1
12463	1
37179	1
54377	0
6017	1
16349	1
15264	0
51226	1
28669	1
17874	1
19820	0
51744	0
14286	1
32107	1
4733	0
42090	0
18530	0
32106	1
19815	1
2898	1
30205	1
27075	1
35423	0
27109	0
26460	0
35203	0
7678	0
26016	1
23894	1
1040	0
13755	1
20365	0
26308	1
40240	0
16101	0
30168	1
35462	0
24133	1
34367	1
26678	0
24263	0
21278	0
39179	1
21901	1
2398	0
558	0
48761	0
8909	0
21474	0
54225	1
23515	0
38497	0
32101	1
12562	0
30629	1
8165	0
53581	0
2366	1
14784	0
17489	1
15245	1
23408	0
10417	0
21452	1
34173	0
47293	0
16681	1
6892	0
7668	0
6714	0
18239	0
6587	1
45463	1
36454	1
53208	0
14993	0
5381	0
305	1
18587	1
30336	0
14544	0
7795	1
17861	1
33693	1
9658	1
33941	0
40930	0
54475	0
11813	1
47116	0
25095	0
38530	0
31968	0
15679	1
34241	0
41548	0
33076	0
32844	1
26902	1
27273	1
50769	1
21596	0
39149	0
14029	0
5780	1
50280	0
39143	0
47259	0
13054	0
22164	0
7913	0
23504	0
61745	1
44337	0
34599	1
5466	0
38866	0
32045	1
8953	0
24079	1
32863	0
583	1
61464	1
31154	0
16905	0
40560	0
19279	0
34189	0
28296	1
4732	0
35248	0
47569	0
7099	0
21375	1
11714	0
26454	0
33761	1
33448	1
14871	1
24068	0
39688	1
47007	1
34991	0
13734	0
23476	1
25140	1
12818	0
15913	1
28265	0
9731	1
51939	1
24338	0
12979	1
6941	0
16855	1
59113	0
16924	0
16307	0
31501	0
27567	0
36920	1
18830	0
34858	1
13379	0
48286	1
31060	0
43640	0
36245	0
10548	1
55780	1
21277	0
51201	1
40977	1
23844	1
25388	1
30035	0
15272	1
51590	0
24342	0
5387	0
49546	0
14603	1
7646	1
18664	0
16993	0
43545	1
18414	0
34237	0
15007	1
26814	0
33110	1
14907	1
39168	1
16335	0
15992	1
58994	0
5433	0
17820	1
25048	1
49388	1
19488	1
8469	0
3144	1
6569	0
27898	0
51113	1
9724	0
26230	1
32351	0
2872	1
49483	1
58293	0
25235	0
14398	0
22588	1
10684	1
25408	0
11083	1
58677	0
18288	0
18518	0
42373	1
22463	0
20679	0
7006	1
19517	0
61158	0
14528	0
18656	0
20994	0
21540	0
17687	0
36802	1
25436	1
27957	0
30118	1
645	0
41969	0
20782	0
56952	0
37428	0
36996	0
35903	0
10649	1
5377	1
7740	0
61898	1
36590	0
54895	0
4320	1
30611	1
51513	0
15166	0
2943	1
24099	1
14048	0
38549	0
23937	0
14974	1
630	1
26812	0
16998	0
13799	0
20719	1
4914	1
4607	0
5204	0
14063	1
13099	0
15890	0
35015	0
27605	0
40051	1
33347	1
20442	0
33645	1
8273	0
7489	0
42848	0
27242	0
10296	1
17635	0
16453	1
45843	0
26294	1
13363	1
26817	1
40768	0
24099	0
10326	0
31384	1
13615	1
26289	0
14155	1
12628	1
20040	1
19302	0
1101	1
4037	1
4644	0
187	1
36294	1
45383	1
36269	1
32085	0
12623	1
5980	1
13167	0
18756	0
50274	1
4548	0
30112	0
44047	1
20881	0
46268	0
39473	1
19630	1
48106	0
14393	0
15323	1
15748	0
25779	0
17212	1
1060	1
26875	0
25904	0
32738	0
3263	1
49211	0
39371	0
12627	0
19649	0
6743	0
7417	0
25885	0
33720	0
16429	0
56854	0
29694	0
17489	0
194	0
2896	0
56999	1
30455	0
7107	0
27103	0
9543	0
34530	1
46868	1
41821	0
18615	0
62954	1
9002	1
10964	1
1242	1
20663	0
18488	0
27619	0
25472	0
26736	0
15138	0
48289	1
37606	1
31194	0
52009	1
16027	1
5087	1
11977	0
20817	0
23790	1
5248	1
27520	0
61064	1
56437	1
8595	0
58198	0
38538	0
13552	1
1624	0
33097	0
21143	0
28497	0
19519	1
33508	1
20247	0
45901	0
13807	1
17717	1
20487	0
7730	0
29165	0
19932	1
21503	1
25533	0
39213	1
35448	1
10520	1
11550	0
13643	0
41730	1
33145	0
22401	0
23434	1
42297	0
62812	0
13365	0
18441	1
44549	0
37112	1
19583	1
11715	1
33016	1
42300	0
34663	1
57301	1
21446	0
39085	0
4347	1
36421	1
35444	1
4756	0
6198	0
36297	1
32095	0
42912	0
24427	0
37406	0
37601	0
34010	0
28629	0
56982	1
6893	1
11324	1
3714	1
4328	1
27491	0
24027	1
35049	0
58341	1
31068	0
39293	0
45840	0
3328	1
9025	1
9339	0
7921	0
8608	1
36032	0
12902	0
7297	0
21032	1
50151	0
3943	1
41370	1
31913	0
282	1
23275	0
22699	1
26951	0
29023	1
25855	0
27859	0
21868	1
22467	1
55172	0
16056	1
15882	1
50803	0
20845	0
49282	0
2224	1
28484	0
7292	1
61017	1
58285	0
27324	0
27162	0
19812	0
7380	0
5714	0
58787	0
36454	1
8382	1
43178	0
7712	1
15051	0
33025	0
12835	0
11760	0
16727	0
5896	0
45737	0
8031	0
35503	0
1143	1
25202	1
25790	0
61900	0
35896	0
20882	0
31167	0
20626	0
49989	1
26335	1
4651	0
54526	1
27233	1
4419	0
57946	1
12607	0
57344	0
38929	1
34763	0
20876	0
45089	0
32690	0
49539	1
28576	1
18249	0
35855	0
61206	0
33543	0
27144	1
8900	0
47971	1
12800	0
38724	0
7995	0
23133	0
1209	0
30956	1
2763	0
31914	0
4156	1
33281	1
57903	0
6987	0
36476	0
32728	1
41369	1
1341	1
62053	0
7747	1
12824	0
32937	0
21515	1
44622	1
20523	0
37313	1
20721	0
59878	1
62843	0
30912	0
26601	0
6527	1
56638	0
16372	0
7012	1
52108	0
20625	0
60298	0
10604	0
39552	0
27220	0
16104	1
36546	1
4204	0
3881	0
22564	1
43378	0
31799	1
14242	0
18055	0
53203	0
26355	0
38700	1
5564	0
36239	0
61861	1
17172	1
26015	0
2688	1
30334	1
26758	0
18835	0
49647	1
35993	0
49901	0
2372	0
6828	1
18192	1
43110	1
40874	1
35392	0
12718	0
51368	0
19359	1
46038	0
12697	0
1581	1
30878	0
1193	0
32099	0
5920	0
28406	1
19945	1
3707	1
23376	1
22630	0
1174	0
53448	0
61092	0
1087	1
6630	0
16479	1
34786	1
12781	0
31451	1
31826	1
57109	1
9265	1
62487	0
18206	1
32737	1
36751	1
22595	1
33504	0
19281	0
49376	0
39644	0
13986	1
27330	0
6387	1
36593	1
43053	1
8788	0
5810	1
9681	0
7516	0
33877	1
20105	0
19402	0
26123	0
32398	0
52344	0
3083	0
49277	1
56723	0
15159	0
25116	1
18787	1
29141	0
27019	1
40331	0
37507	0
4304	0
52795	1
21742	1
28841	0
39571	1
52246	0
34841	0
3204	1
37850	1
22820	1
10307	0
26017	1
29732	1
26944	1
26341	1
17693	1
1285	0
37689	1
48930	0
17173	0
32247	1
19161	0
6713	1
21601	1
30647	1
52241	0
32685	1
28916	0
34942	1
24298	0
42673	0
54801	0
5629	0
23815	0
36799	0
33817	0
9484	0
25717	0
38437	0
33430	0
23015	0
3953	0
20078	0
53519	0
23182	1
5961	0
15113	0
6590	1
50081	0
45716	0
1331	1
25520	0
34914	1
24783	1
57594	0
11518	0
23075	0
23604	0
7394	0
17749	1
23160	0
33855	1
21606	1
5388	0
4551	0
52737	1
12231	0
55833	1
31263	0
18703	1
40670	0
9845	1
23230	1
50689	0
17587	1
5932	0
16821	1
1123	0
25944	0
17755	1
19934	0
28000	0
32	1
19494	0
27543	0
35734	0
29073	1
11857	0
6323	0
11845	0
4385	0
52839	0
55040	0
21451	0
21002	0
60513	1
7359	1
37522	0
34370	0
6238	0
9314	0
15381	1
28761	0
21321	1
9815	0
34747	1
2984	0
20765	0
35748	0
62606	0
38206	1
25070	0
8600	0
57419	0
19165	0
62591	1
38503	0
30325	0
36526	0
23823	1
15905	0
35053	0
23805	0
32425	0
7928	0
28956	0
16058	0
42365	1
37827	1
10961	0
10698	1
41260	0
7850	1
43687	0
42435	1
27473	1
3084	1
25177	0
62789	0
38582	1
46056	0
15766	0
8169	1
7501	0
61810	0
38127	1
62671	0
18303	0
44762	1
26367	0
30551	1
5560	1
9555	1
30477	0
29395	1
42246	1
30968	0
26566	0
27095	1
29299	0
53132	0
28656	0
7181	0
29582	0
32788	0
51492	0
23064	0
8361	0
11128	1
17087	0
21640	0
38367	1
53354	0
23954	0
2567	1
54069	1
55246	0
35269	0
33812	1
6610	0
61830	0
50357	1
56041	1
4484	1
22005	0
2956	0
15510	1
17139	0
56060	0
54110	1
25810	1
4841	1
46702	0
32523	0
2174	0
9184	1
60853	1
34051	0
33650	1
57097	1
3912	1
58403	1
20341	0
30537	1
51415	0
7317	1
5265	0
30203	0
37172	1
20823	0
18064	0
31360	0
6921	1
47836	1
16780	0
51792	1
8092	1
1019	0
12987	0
14229	1
26262	0
49957	0
21396	0
34217	1
23550	0
55149	1
39058	0
7728	1
18548	1
35894	1
44345	0
23214	0
20835	0
15032	0
10688	1
12101	0
38708	1
37155	1
40474	1
4018	1
27136	0
9881	1
60690	1
26131	1
25594	0
28847	1
344	0
2087	1
38841	0
6687	0
18219	1
7412	0
38160	1
14576	0
23473	1
48370	0
27067	0
32587	0
45389	0
1132	0
25390	1
3498	0
61658	0
739	0
3926	1
4513	1
23095	0
12443	0
33949	1
59527	1
29220	0
11624	1
14950	0
61615	1
21762	1
50639	0
41487	1
22745	1
60198	0
8284	0
21543	0
20934	0
60824	0
36474	0
42919	0
10205	1
38340	1
28391	0
35731	0
59673	0
8788	1
58374	1
2026	1
21402	0
43140	1
24477	0
46913	1
13467	1
20801	1
21431	0
57093	0
55085	1
14986	1
3467	1
13754	0
36587	0
21387	0
22629	0
30954	1
26853	0
50243	0
28653	0
20239	0
32806	1
38556	0
44141	0
3724	1
6243	0
45229	0
16842	1
62741	0
62819	0
26529	0
14526	0
18762	1
37887	0
27967	0
21529	0
54087	0
11904	1
37414	0
7652	0
62281	1
28302	0
28044	0
36941	0
52480	0
42047	1
55673	1
20543	0
11094	1
13617	1
16836	0
7725	0
12564	1
34102	0
52434	1
32147	0
11516	1
17966	0
35806	0
30232	1
16077	0
26828	0
19717	1
24229	0
15222	1
9968	1
2622	1
793	1
52680	0
1582	1
31345	0
21329	1
12060	0
55293	1
9436	0
5099	0
10308	0
57246	0
58494	1
2514	0
29860	0
24413	1
36497	0
318	0
3434	1
32207	0
16943	0
55264	1
30250	0
30611	1
59375	0
31566	0
51803	1
27240	1
62325	0
14181	0
13284	0
19725	0
10748	1
41109	0
10475	1
12367	1
52289	1
19981	0
3156	0
53358	1
7702	0
14709	0
51442	0
21172	0
13319	0
25254	1
45570	0
22497	0
8105	0
1490	0
36568	0
56488	1
60087	1
10539	0
17809	0
27747	0
47640	1
16235	0
6395	0
11040	1
43322	0
40211	0
61023	0
8730	0
36908	0
35941	1
11688	0
6473	0
19613	1
4648	0
37855	1
8533	1
19778	1
53606	1
7140	1
16289	0
11395	1
34336	1
48548	0
20243	1
53610	0
14445	0
41232	1
861	1
31464	1
57654	1
27166	0
55207	1
37265	1
16423	0
57111	0
62165	0
51490	1
20206	1
12110	1
46220	1
10935	0
19822	0
1976	1
1876	0
34274	1
6335	0
20429	0
25168	0
11591	1
6430	0
23080	0
6010	1
33324	0
19512	1
47041	0
54745	0
37608	1
2643	0
36856	0
26594	0
295	1
22705	1
17455	0
51271	0
48678	0
17055	0
19533	0
61517	1
14081	0
53065	1
655	1
16613	1
43548	1
228	0
4783	1
34175	0
41197	1
786	0
4451	0
1480	1
38578	0
25792	1
37293	1
23768	1
10382	1
27817	0
31416	0
12688	0
10696	0
47358	0
47234	0
25333	1
31079	1
35831	1
38836	1
34466	1
4090	0
36092	0
37657	0
11871	0
14933	0
42147	1
32726	1
48276	0
1830	0
16427	1
60122	1
24182	0
4825	1
37964	0
50691	0
15573	1
21943	1
24688	1
13943	1
5818	1
4520	1
59178	0
57807	1
23443	0
29879	0
15497	0
32449	1
25972	0
10026	0
30836	0
44541	1
37065	1
3024	0
33338	0
11849	0
42850	0
48892	1
36198	1
1760	0
29967	0
60425	0
53626	0
18803	1
37372	1
40030	1
55109	1
12694	0
57981	0
7704	1
58103	0
22618	1
12204	1
54047	0
19465	0
39338	0
6911	1
32255	0
46160	1
9207	0
7399	0
4629	0
22935	1
19340	0
29452	0
32692	1
33698	0
12782	0
481	0
54272	1
4465	0
11620	0
51433	1
37588	1
26480	0
34520	1
9161	0
17390	0
7348	1
20054	0
31478	1
43219	0
22741	1
15937	1
34397	1
54009	0
22865	1
24479	0
32026	0
29919	1
22120	0
33153	1
12509	1
21281	1
3437	0
51130	1
16087	0
22429	1
8143	0
16633	1
28307	1
38653	0
35080	0
19044	1
18512	1
49934	1
17933	1
9433	1
22254	1
34326	1
12612	1
51858	0
18360	1
2140	1
23423	0
13511	0
7887	0
34593	0
4075	0
4582	1
20821	0
51449	0
1208	1
36103	0
19227	0
29808	0
25629	1
15356	1
35472	0
34624	1
46980	0
37363	0
9715	0
3621	0
38104	0
32589	0
37055	0
10527	0
17255	0
21417	1
44671	0
34507	0
41938	1
9624	1
12674	0
22936	1
42974	1
54375	1
53304	0
6592	1
33698	0
4556	1
35729	1
884	0
43668	1
51410	1
17886	1
50124	0
18229	1
62251	0
13190	1
23401	0
13171	1
51713	1
26381	1
53573	0
54815	0
24501	0
20295	0
49051	0
11781	1
34114	0
24206	1
17045	0
3979	1
43184	0
43879	0
21838	0
9680	1
23631	0
49362	0
52099	0
15323	0
20644	0
41850	1
53821	1
50367	0
36765	1
7265	0
10084	0
11241	0
59973	1
12338	1
10096	0
15028	1
20563	1
2169	0
6100	0
4445	0
3537	0
20230	1
25766	0
4225	0
59150	0
41536	1
36078	0
59318	0
42288	0
21263	1
5785	1
37811	0
46816	1
27645	0
50360	1
40993	1
60687	0
1371	0
30518	0
2135	1
32113	1
4409	0
7773	0
7455	0
48259	0
19919	1
19916	0
20321	1
16365	1
34245	1
20130	1
8117	1
30950	0
26949	1
13698	1
2464	0
20183	1
6313	1
27276	0
14429	1
41080	1
41550	0
21645	1
22826	1
4948	0
12335	1
55363	1
59957	1
19886	1
55352	0
18277	0
11507	0
48125	0
11741	1
40324	0
28466	0
10872	1
17102	1
62763	1
20189	0
23054	1
40512	1
35786	1
38778	1
53904	1
4440	1
14613	0
33452	0
30286	1
48607	0
26931	1
34802	0
51245	0
55759	0
33439	0
22257	1
910	0
18041	0
12882	0
6117	1
27399	0
52592	1
9418	0
249	1
232	1
6995	0
35739	1
40292	0
5815	1
1493	1
3494	0
42594	0
35714	0
28238	0
23348	1
26343	1
5544	0
14401	0
53204	0
38861	0
22438	1
55516	0
5784	0
25097	1
10181	0
35713	1
5364	0
39580	1
41763	0
14269	0
21828	1
54286	1
4422	0
29609	1
55302	1
12809	0
43466	1
1694	0
22299	0
59435	1
21868	1
7539	1
14591	1
61840	1
52932	1
10092	0
3355	0
1999	1
34960	0
13350	0
22938	0
24182	1
42700	0
51481	1
55593	1
14525	0
21976	0
2190	0
42961	1
1772	0
6857	0
14362	0
55574	1
58537	1
18602	0
19991	0
27832	1
1359	0
33627	1
47606	1
62070	1
24460	0
47155	0
40815	1
60234	0
44131	0
35849	0
29221	0
8532	0
48347	0
3230	0
7357	0
2698	1
2020	0
28397	0
37256	1
34328	0
48519	1
1163	1
10660	1
8203	1
43704	0
12996	0
44394	0
10083	0
25113	0
21620	1
11797	1
34318	0
4143	0
10121	1
41864	0
5857	0
53868	1
12228	0
18453	1
5341	0
7080	0
18395	0
5659	1
27969	1
38707	0
7677	1
21413	0
32814	1
31376	1
58790	1
15503	1
9910	1
34527	1
26732	1
23603	0
34436	0
52097	0
24429	0
21135	0
2100	0
2957	1
52548	1
46050	1
28148	1
40260	0
24409	1
29677	1
8355	0
44239	1
126	0
30471	1
58367	1
14660	1
13426	1
40712	0
21316	1
8763	1
38424	1
7507	0
18362	0
18531	0
51675	0
27919	1
7125	1
23869	0
18653	0
20962	0
35220	1
27678	0
26270	1
12692	0
21242	0
57421	0
60746	1
38757	0
1421	0
44565	1
16928	1
2490	1
34998	1
60929	0
13262	0
62111	1
16379	0
31115	0
41461	0
26364	0
6684	1
56257	0
26096	0
4994	0
52684	0
5883	0
59104	0
36695	0
5116	0
36193	0
23604	1
18371	0
18928	1
56718	0
13364	0
59442	0
5280	0
52304	0
30961	0
41336	0
19701	1
17252	0
11054	0
1580	1
16807	0
12340	1
5188	1
26894	0
21960	0
4830	1
29201	0
11307	0
21296	1
19959	0
50044	1
35787	1
38426	0
18140	1
28899	0
26427	1
37892	0
817	1
15750	0
50332	0
27486	1
60625	0
13007	1
60451	0
33447	0
8283	0
3227	1
30462	1
3733	1
39150	1
33095	1
22732	0
13441	0
29490	0
33763	1
28977	0
11695	1
1440	0
51244	0
13277	0
18709	1
44450	0
35742	0
57561	1
61039	1
16948	0
33443	1
27118	0
8172	1
13909	1
23739	1
47291	0
10894	0
17606	0
26578	0
49265	1
25355	1
34300	1
21566	1
22838	0
35388	0
32802	1
10801	1
8494	1
38210	0
59051	0
49637	0
27416	1
8614	0
50371	1
14130	0
4431	1
18148	1
28817	1
31892	1
58638	0
62866	0
25844	0
27207	0
41806	1
14513	1
12418	0
35372	0
38190	1
33427	1
44705	0
12852	1
20733	1
30861	1
57890	0
19643	0
39707	1
16121	0
39380	1
17961	1
32161	0
14451	0
27262	0
71	0
51181	1
32882	0
52459	0
5729	0
7546	1
24041	0
45487	0
821	0
53556	0
41498	0
17533	1
14752	1
59900	1
48500	1
22932	1
43125	0
5239	0
2844	0
10574	0
5444	0
54686	0
12485	1
20519	1
1941	0
33466	0
8827	1
17100	0
18151	0
47633	0
27560	1
20210	0
17714	0
27362	0
12166	0
45863	1
25778	0
8697	1
4264	1
16190	1
29923	0
22136	0
22096	0
36579	0
44614	0
58320	1
12975	1
31957	0
25248	0
5149	0
9899	1
14606	1
16103	0
7209	0
17192	1
3681	1
12299	0
8589	1
48746	0
38422	0
15139	1
57963	1
34690	0
52306	0
13973	0
19168	0
2109	1
55490	1
2151	0
33939	0
46720	0
26129	0
36818	1
43662	0
39416	0
23570	0
34857	0
14957	1
5130	0
19776	0
3798	0
31266	0
42701	0
7069	1
15966	1
20606	1
41211	0
29077	1
17639	0
3355	0
19069	0
29146	0
3126	1
48366	0
61348	0
2210	0
13518	1
40934	1
9039	1
10748	0
57520	1
38777	1
6014	1
52513	0
51108	1
37777	1
42024	1
4603	1
60308	0
42356	0
18585	0
23736	0
8384	0
23657	0
4341	1
29526	0
18842	0
6415	0
18132	1
36056	0
16941	1
23871	0
14515	1
21038	0
38747	0
35967	1
3371	1
53929	1
3222	0
32233	1
30872	0
545	1
25310	1
24432	1
31727	0
26107	0
12763	0
41066	1
45856	0
2567	1
14706	0
58553	0
41604	1
15654	1
33510	1
33512	0
30594	0
15132	0
38963	0
4878	1
12985	0
7906	0
23217	1
8237	0
1645	0
49172	1
10797	0
50145	0
18926	1
29836	0
991	0
36959	0
21806	1
9591	0
54127	0
15161	1
52460	1
62908	0
743	1
25463	0
23548	1
21865	1
59692	1
257	0
36930	0
39841	1
24038	1
45160	1
12265	0
3161	1
27467	1
7353	0
23833	1
29241	1
56611	0
16261	1
12962	0
56933	0
60083	1
19686	1
44217	0
39108	0
19223	1
18996	1
29902	0
19905	1
59001	0
8317	1
44	1
12557	0
10959	0
11100	1
42723	1
18436	0
3883	0
6269	1
36768	0
22935	0
21083	1
2371	0
24372	0
37929	1
24016	1
3527	1
35699	0
2288	1
35396	0
34800	1
37682	1
23364	1
43175	1
26433	1
7890	0
37766	0
14772	1
3634	1
36671	1
21803	0
39302	0
54071	0
32429	0
16823	0
32911	1
53689	0
2375	1
7263	0
12304	0
57924	1
22848	1
57061	0
36508	0
62054	0
49648	0
4628	0
20366	1
8545	1
43345	0
6878	1
34275	0
49193	1
49768	0
11380	0
46704	0
9238	1
33804	1
59822	1
33194	0
29368	1
14891	1
33316	1
19618	0
32052	0
16879	1
35957	0
29222	1
39057	0
48028	1
38601	0
37401	0
23158	1
11230	0
760	0
54819	0
35801	1
12994	1
38467	0
20883	1
31015	1
4075	1
20339	1
5904	0
3565	0
35348	1
12844	1
12999	1
11872	0
19432	0
55864	0
27396	0
18812	1
23638	1
24284	0
27946	0
32709	1
8984	1
45763	1
54684	1
6728	0
56275	0
13924	0
3944	0
39251	0
40368	0
922	0
62551	1
3802	1
38230	0
22449	0
28970	1
58090	0
44978	1
16236	1
5733	1
35228	1
8059	0
3759	0
47628	1
60822	0
48899	0
14020	0
6293	1
56099	0
16151	1
5397	0
14538	0
36956	0
43705	0
48335	0
944	0
3492	1
3290	0
2520	0
1501	0
27799	1
6494	0
12475	1
20927	0
15246	0
25425	0
22245	0
19956	1
2764	1
39178	1
30671	1
51331	0
30167	1
48355	0
37758	0
21486	0
56478	0
13672	1
41627	0
22457	1
16281	0
18367	0
3407	0
31453	0
12718	0
57518	1
14971	0
35144	0
57437	0
50443	1
11677	1
60291	1
21502	0
16338	1
23624	1
32497	1
22230	0
43858	0
19258	0
34808	1
14060	0
1219	0
35638	0
2175	0
11732	1
33385	1
29378	0
37710	1
17341	1
32744	1
36348	1
21046	1
49094	0
23980	1
31390	0
3050	0
1248	0
4372	0
46314	0
37639	0
1178	1
22015	0
31564	0
26771	1
32645	0
49567	1
38016	1
27190	0
2681	1
53777	0
14239	0
38603	1
4605	1
2973	0
5967	1
28976	0
13105	1
27794	0
45520	0
24143	1
39212	0
29996	1
31366	0
11460	0
33736	0
23910	0
29758	0
43081	1
38493	0
26511	0
36013	0
13113	1
18459	0
33169	1
31506	1
22060	0
9558	1
29741	1
27337	0
17261	0
7262	0
9722	0
52581	1
10434	0
713	0
37435	0
20754	0
21252	0
10978	0
5034	0
29331	0
33172	1
25961	1
7299	1
33409	0
27682	0
31319	0
2832	0
2411	1
18037	1
10345	1
25685	0
16969	0
41454	1
62482	1
32313	0
15951	0
32507	1
51203	0
44096	1
26577	0
2530	0
45332	0
13362	0
13493	0
29555	1
52128	0
34739	0
19664	0
43247	0
52560	0
19890	1
13974	0
18309	0
12600	1
12901	1
36380	0
7526	1
46005	1
12732	1
55602	0
29945	1
36550	1
35206	0
20624	1
41888	1
11176	1
29366	0
24608	1
55820	0
9571	1
55805	1
49407	0
17281	0
25865	1
32535	0
14698	1
45263	1
48633	0
43467	1
13309	0
24072	1
7927	1
25387	1
5085	1
16819	1
46492	0
28523	1
21568	0
33946	0
33685	0
7612	0
770	0
15615	0
53198	0
29230	0
10260	1
16146	0
9382	0
9021	0
54496	0
14295	0
45606	0
27483	0
24950	1
15792	0
10809	0
9808	1
25432	1
34252	0
26777	0
10896	1
14847	0
11092	1
56441	1
20592	1
1835	1
2605	0
39195	1
50232	0
27842	0
37898	0
13885	1
38095	0
22092	0
31424	0
18596	1
10494	0
57127	0
50063	0
54880	1
17658	0
45354	0
37449	1
38725	0
13491	1
17563	1
2347	0
59200	0
37225	1
17763	1
19143	1
57187	1
22701	0
8565	1
55341	1
44514	1
17488	0
21106	0
21949	0
26285	0
62910	0
38360	1
66	0
4004	0
43812	0
34036	0
11301	0
19034	1
32195	0
11246	1
35182	1
27217	0
54376	0
33500	0
48102	0
14585	0
38997	0
50971	0
23982	0
51172	1
17304	1
39645	1
29568	0
20373	1
13520	1
26136	1
7683	0
21501	0
49428	1
12094	0
30658	0
13981	1
60946	1
32377	0
61386	0
21098	0
2068	0
17441	1
28070	1
2233	0
49405	1
13688	1
39507	0
25780	1
11877	0
12293	0
26646	1
19395	0
61097	0
28429	0
36204	1
20292	1
9748	0
3298	1
6643	0
9999	0
532	0
34998	0
2600	1
52545	1
3365	1
45518	1
26357	1
26751	1
8403	0
55932	0
17146	1
33331	0
26686	1
18826	1
56965	0
6613	0
29703	1
56107	0
1325	1
1046	1
34624	0
30237	0
53812	1
14478	0
8370	0
53143	0
16888	1
33349	1
20092	1
36294	0
24431	0
22719	0
45214	0
60725	0
7505	1
34771	1
35424	0
23366	1
5073	0
60399	0
11131	1
15305	1
37940	1
17506	0
13432	1
25656	0
50855	1
35510	1
25321	0
9671	0
42283	1
39944	0
17050	1
43412	0
3915	1
25336	1
2729	0
23943	1
5875	1
12293	1
40901	0
20533	1
9534	1
23751	0
3823	1
4530	1
20567	0
22088	0
48454	1
27651	0
20006	0
59489	0
435	1
602	0
6154	1
15592	1
17640	1
6553	1
33000	0
23810	1
59281	0
36423	1
370	0
189	1
44044	0
18399	1
50842	0
40434	0
17462	1
47470	1
31126	1
38649	0
17758	0
16465	1
33415	0
14947	0
24393	0
12876	0
2620	1
33662	1
43209	1
15394	0
5126	1
38213	1
3149	0
36126	1
962	0
32	1
30657	0
43132	0
9129	0
33937	1
50314	1
36531	0
4340	0
31592	0
17532	1
5540	0
5054	0
40917	0
10727	0
34693	1
19335	0
1124	0
22963	0
1426	1
22223	0
2403	1
9768	1
34017	0
28143	0
1023	0
7339	0
50310	0
60563	1
13693	1
60890	0
22451	0
60531	1
59248	1
19955	0
19563	0
2047	0
174	1
167	1
15917	0
14934	0
35822	0
50566	1
38443	0
49140	1
62533	0
57551	0
4063	0
18395	0
7791	1
47667	1
18869	1
46192	0
32848	1
15437	0
27573	0
10672	0
23090	1
12286	0
43185	1
5178	0
54772	0
20636	1
2337	1
33340	1
16812	0
33242	0
9970	1
44447	0
55449	0
6002	0
22005	0
15718	0
19832	1
30986	1
4452	0
30112	1
26678	1
36198	0
31141	1
20796	0
62556	1
17669	0
3612	0
20331	0
7829	0
13749	1
13065	1
23403	0
28975	0
34667	0
26804	0
7364	0
22001	0
18075	0
40961	0
58057	0
14830	0
44675	0
51177	0
28624	0
40175	0
3232	1
38442	1
21596	1
35011	1
22405	0
52691	0
60964	0
11396	1
19806	0
24091	0
18155	1
598	0
19105	1
6764	0
14776	0
23533	1
15094	0
8392	0
19914	1
28174	0
22309	1
21807	0
35547	1
61620	0
33588	0
24784	0
39731	0
8722	0
4456	0
36880	0
14719	0
5498	0
33849	1
21741	0
36055	0
13031	0
29524	1
33039	0
38381	0
1221	0
17217	0
54438	0
63098	1
31558	1
38140	1
8591	1
37213	0
20519	1
40496	1
951	1
17581	0
29907	0
61862	0
662	1
46558	1
27334	1
11846	1
5378	0
60928	1
34018	1
18491	1
53243	1
45449	0
33114	0
34521	1
26378	0
48303	0
26831	0
53116	0
18793	1
20631	1
14158	0
10178	1
22009	1
10377	0
5977	1
37956	0
45017	0
61957	0
33914	0
43447	1
29449	1
47167	0
34755	0
22359	1
4358	0
58318	0
6394	1
2713	0
1726	0
40865	1
41212	1
28209	0
11385	0
41145	0
25761	0
6616	0
26983	1
26871	0
27911	0
33643	0
2149	1
18081	1
11293	0
21890	1
39252	1
41440	0
11914	1
48638	1
7777	1
42757	1
24024	1
26523	1
31224	1
39509	1
58244	0
45492	0
31609	1
16355	1
17000	0
19247	1
32875	0
23758	0
50965	1
33392	1
10259	1
26558	0
41511	0
42368	0
11969	1
16273	0
1286	0
20937	0
32589	1
13067	1
29819	1
24703	1
25481	0
11364	1
5113	1
16024	0
41979	1
35816	0
19824	0
57005	1
41737	0
24042	1
10466	1
1799	1
14508	0
30489	1
17267	0
22427	0
23404	1
19344	0
21642	0
42636	0
4151	1
42319	1
4495	0
32752	0
35102	0
25073	1
50336	1
36041	1
45329	1
36596	1
36948	1
46111	0
8155	0
4955	1
43579	0
28623	0
48754	1
19370	0
16312	0
36366	0
2300	0
37818	1
2848	1
5366	0
18806	0
8774	1
48590	0
22482	0
7658	1
44391	0
39442	1
6359	1
60293	0
21153	0
29001	0
27775	0
18932	0
29736	0
37296	1
13420	1
60504	0
32964	1
61129	1
7577	0
447	1
217	0
14	1
60885	1
23751	1
19403	1
1825	0
11509	1
27859	1
60902	0
24209	1
11467	0
8731	0
4044	0
25274	1
18308	0
35315	0
31482	1
35161	0
38110	0
32539	0
25460	0
20688	1
48400	1
28194	0
38942	0
26652	1
9492	0
57757	0
56296	1
6719	0
6973	0
54266	1
37041	1
9017	0
5531	0
41513	1
52579	0
23199	1
7717	0
39975	1
23127	1
28610	0
5089	1
2563	1
35415	1
6170	1
13381	0
30717	0
25222	1
1070	1
59771	0
62495	1
24910	0
12005	1
49944	0
56945	0
41690	1
20045	1
4625	0
43904	1
7007	1
8415	0
30219	1
61336	1
25492	0
55327	0
47196	1
52390	0
57701	0
20196	0
18036	1
16278	0
11269	1
39072	1
41040	0
44657	1
17288	1
19528	0
60566	0
3936	0
14619	0
31465	0
62076	0
6810	0
25825	1
20245	1
17718	0
55661	1
6271	0
11562	1
49421	0
10097	1
60161	0
38191	1
15634	1
12159	0
4544	1
16355	1
17184	1
24436	0
26692	1
41625	0
23452	0
42932	0
39585	0
3416	1
24197	1
40898	0
18622	0
31706	0
14984	0
21527	0
6706	0
37116	0
33902	1
38304	0
36205	1
12568	0
8345	1
28451	0
22541	0
24470	0
40711	0
37755	0
23780	0
55872	0
25668	1
35270	1
34952	0
886	1
24150	1
45443	1
23184	0
8357	1
30786	0
60129	1
6130	0
14063	0
35294	0
13656	0
13802	0
17713	1
29664	1
1780	1
35326	0
27857	1
58546	0
3455	0
35540	0
41243	0
56328	1
30834	0
19271	1
34139	0
32281	0
14031	1
940	0
19083	1
13692	0
27524	0
29380	0
24077	1
20794	0
31203	1
24553	1
11270	0
23602	0
28846	0
46541	1
47318	0
10429	1
35909	1
31430	1
16247	1
783	0
31643	1
28256	0
30750	1
14456	1
22713	1
14905	0
36201	0
36365	1
58904	0
3060	1
21684	0
24334	0
27440	0
10570	0
40779	0
19992	0
10381	0
61173	1
33216	0
24726	1
17190	1
27816	0
36207	1
33972	1
9756	1
57825	0
23520	0
46503	1
2290	1
58656	0
57096	0
61593	1
20295	1
55300	1
9410	1
13394	1
12546	1
21319	1
6195	0
6366	1
36799	0
57160	0
17030	0
19497	1
26727	0
23848	1
28569	1
34559	0
17748	1
56286	1
35979	0
24333	0
25425	0
50297	1
12084	1
34342	0
33107	0
13956	0
36793	0
22716	1
22282	0
26680	1
22137	0
20213	1
59839	1
16808	0
31211	0
13245	0
19110	1
29553	1
60455	1
31483	0
57676	0
62883	0
56871	1
30038	1
42194	0
20448	0
52686	1
54777	0
21389	1
12939	0
20264	0
31243	1
39989	0
17991	0
11136	0
21150	1
14155	0
5770	1
32069	0
22504	0
36481	1
55274	0
19972	1
15936	0
18600	0
3498	1
28793	1
2478	0
6060	1
29194	1
43305	1
9541	1
12068	1
30429	1
29444	1
1078	1
43943	0
60561	0
30582	1
60702	1
39314	0
14964	1
42847	0
21516	0
47240	0
16321	1
3384	1
7189	1
18685	1
39917	1
487	1
47834	0
2780	0
48932	0
53646	0
26934	0
50569	0
23223	0
7862	1
22436	0
31551	1
22045	0
36032	0
14337	0
7386	0
36661	1
8091	1
61531	0
19308	0
32460	0
40104	0
37593	1
34350	1
60400	1
16196	0
18738	1
57391	0
37456	0
8440	0
40996	1
3632	0
34598	1
24705	0
41615	0
15747	1
27533	0
20771	0
51768	0
20147	0
7847	0
52825	1
830	1
39069	0
24832	0
5075	0
34916	0
32596	1
19290	1
44620	1
31652	0
54100	0
59273	0
1144	0
38168	0
3070	0
35637	0
27602	1
25528	0
6123	1
15201	1
8192	1
9610	0
8293	0
9923	1
19735	0
23913	0
29989	1
47626	1
21879	0
38314	1
39887	1
61999	1
24573	0
6517	0
27973	1
22501	0
43820	1
55245	0
40547	1
41147	0
38730	0
21202	1
891	1
47647	1
35889	0
4225	0
34462	0
13898	0
11816	0
24377	1
39939	0
7435	0
32464	0
16822	0
47498	1
26695	0
25627	0
21963	0
23925	0
37480	0
22760	1
3390	0
5474	0
19851	1
22853	0
17726	0
27576	1
61676	1
21394	0
1410	0
31356	1
38170	1
17862	0
26936	0
15351	0
48827	1
57509	1
39230	1
13951	1
16420	1
41851	1
61312	1
37918	1
48123	0
45256	0
57543	1
2008	0
12210	0
38325	1
21041	0
7458	0
11963	0
3090	1
16754	1
3463	1
61147	0
5968	0
32766	0
22284	1
59634	1
1785	1
3035	0
14977	0
14715	1
1826	0
25728	0
3378	1
12029	0
1112	1
17101	1
4736	1
19649	0
14756	0
22435	0
6453	0
26870	0
16466	1
27073	0
31894	0
62568	0
12208	1
12396	0
33064	0
7460	1
3369	1
15464	0
41072	0
30591	1
30063	0
1279	1
56014	1
1413	0
53433	1
5944	0
38265	0
3442	0
33234	1
19120	0
54665	1
17209	0
6581	0
16030	0
33400	0
